Season,Lg,Tm,W,L,W/L%,Finish,SRS,Pace,Rel_Pace,ORtg,Rel_ORtg,DRtg,Rel_DRtg,Playoffs,Coaches,Top WS
2017,NBA,BOS,29,10,0.744,1,4.38,95.4,-1.7,108,0.2,102.8,-5,,B. Stevens (29-10),K. Irving?(5.7)
2016,NBA,BOS,53,29,0.646,1,2.25,96.8,0.4,111.2,2.4,108.4,-0.4,Lost E. Conf. Finals,B. Stevens (53-29),I. Thomas?(12.5)
2015,NBA,BOS,48,34,0.585,2,2.84,98.5,2.7,106.8,0.4,103.6,-2.8,Lost E. Conf. 1st Rnd.,B. Stevens (48-34),I. Thomas?(9.7)
2014,NBA,BOS,40,42,0.488,2,-0.4,95.8,1.9,104.7,-0.9,104.5,-1.1,Lost E. Conf. 1st Rnd.,B. Stevens (40-42),T. Zeller?(6.5)
2013,NBA,BOS,25,57,0.305,4,-4.97,93.3,-0.6,102.9,-3.8,107.7,1,,B. Stevens (25-57),B. Bass?(5.1)
2012,NBA,BOS,41,40,0.506,3,-0.62,91.7,-0.3,103.1,-2.8,103.3,-2.6,Lost E. Conf. 1st Rnd.,D. Rivers (41-40),P. Pierce?(7.2)
2011,NBA,BOS,39,27,0.591,1,2.26,90.4,-0.9,101,-3.6,98.2,-6.4,Lost E. Conf. Finals,D. Rivers (39-27),P. Pierce?(7.0)
2010,NBA,BOS,56,26,0.683,1,4.83,90.4,-1.7,106.2,-1.1,100.3,-7,Lost E. Conf. Semis,D. Rivers (56-26),P. Pierce?(11.6)
2009,NBA,BOS,50,32,0.61,1,3.37,91.6,-1.1,107.7,0.1,103.8,-3.8,Lost Finals,D. Rivers (50-32),R. Rondo?(9.6)
2008,NBA,BOS,62,20,0.756,1,7.44,90.4,-1.3,110.5,2.2,102.3,-6,Lost E. Conf. Semis,D. Rivers (62-20),R. Allen?(11.1)
2007,NBA,BOS,66,16,0.805,1,9.3,90.9,-1.5,110.2,2.7,98.9,-8.6,Won Finals,D. Rivers (66-16),K. Garnett?(12.9)
2006,NBA,BOS,24,58,0.293,5,-3.7,92,0.1,103.2,-3.3,106.9,0.4,,D. Rivers (24-58),A. Jefferson?(6.6)
2005,NBA,BOS,33,49,0.402,3,-1.59,92.2,1.7,105.2,-1,106.9,0.7,,D. Rivers (33-49),P. Pierce?(11.5)
2004,NBA,BOS,45,37,0.549,1,0.35,93.3,2.4,107.5,1.4,106.6,0.5,Lost E. Conf. 1st Rnd.,D. Rivers (45-37),P. Pierce?(11.2)
2003,NBA,BOS,36,46,0.439,4,-1.99,93.2,3.1,102.1,-0.8,103.7,0.8,Lost E. Conf. 1st Rnd.,J. O'Brien (22-24) J. Carroll (14-22),P. Pierce?(7.1)
2002,NBA,BOS,44,38,0.537,3,-0.75,90.9,-0.1,101.2,-2.4,101.6,-2,Lost E. Conf. Semis,J. O'Brien (44-38),P. Pierce?(10.1)
2001,NBA,BOS,49,33,0.598,2,1.75,92.5,1.8,103.4,-1.1,101,-3.5,Lost E. Conf. Finals,J. O'Brien (49-33),P. Pierce?(12.9)
2000,NBA,BOS,36,46,0.439,5,-2.4,92.6,1.3,101.4,-1.6,103.7,0.7,,R. Pitino (12-22) J. O'Brien (24-24),P. Pierce?(10.4)
1999,NBA,BOS,35,47,0.427,5,-1,94.6,1.5,104.8,0.7,105.6,1.5,,R. Pitino (35-47),P. Pierce?(8.2)
1998,NBA,BOS,19,31,0.38,5,-1.75,91.5,2.6,100.4,-1.8,102.4,0.2,,R. Pitino (19-31),P. Pierce?(4.9)
1997,NBA,BOS,36,46,0.439,6,-1.96,93.3,3,102.6,-2.4,105.4,0.4,,R. Pitino (36-46),D. Barros?(5.6)
1996,NBA,BOS,15,67,0.183,7,-6.62,95.8,5.7,103.9,-2.8,111.4,4.7,,M. Carr (15-67),D. Wesley?(6.1)
1995,NBA,BOS,33,49,0.402,5,-3.37,96.2,4.4,106.4,-1.2,109.9,2.3,,M. Carr (33-49),D. Wesley?(6.3)
1994,NBA,BOS,35,47,0.427,3,-1.92,94,1.1,108.6,0.3,110.6,2.3,Lost E. Conf. 1st Rnd.,C. Ford (35-47),D. Brown?(6.8)
1993,NBA,BOS,32,50,0.39,5,-4.28,95.6,0.5,104.2,-2.1,108.7,2.4,,C. Ford (32-50),D. Brown?(6.4)
1992,NBA,BOS,48,34,0.585,2,0.93,94.9,-1.9,108.7,0.7,107.8,-0.2,Lost E. Conf. 1st Rnd.,C. Ford (48-34),R. Lewis?(8.3)
1991,NBA,BOS,51,31,0.622,1,3.41,95.8,-0.8,110.8,2.6,107,-1.2,Lost E. Conf. Semis,C. Ford (51-31),R. Lewis?(9.1)
1990,NBA,BOS,56,26,0.683,1,5.22,98.5,0.7,112.6,4.7,106.7,-1.2,Lost E. Conf. Semis,C. Ford (56-26),R. Parish?(10.0)
1989,NBA,BOS,52,30,0.634,2,3.23,98.2,-0.1,112,3.9,107.9,-0.2,Lost E. Conf. 1st Rnd.,J. Rodgers (52-30),K. McHale?(11.1)
1988,NBA,BOS,42,40,0.512,3,1.26,98.1,-2.5,110.8,3,109.6,1.8,Lost E. Conf. 1st Rnd.,J. Rodgers (42-40),R. Parish?(10.5)
1987,NBA,BOS,57,25,0.695,1,6.15,97.9,-1.7,115.4,7.4,109.4,1.4,Lost E. Conf. Finals,K. Jones (57-25),L. Bird?(15.0)
1986,NBA,BOS,59,23,0.72,1,6.57,98.6,-2.2,113.5,5.2,106.8,-1.5,Lost Finals,K. Jones (59-23),L. Bird?(15.2)
1985,NBA,BOS,67,15,0.817,1,9.06,101.2,-0.9,111.8,4.6,102.6,-4.6,Won Finals,K. Jones (67-15),L. Bird?(15.8)
1984,NBA,BOS,63,19,0.768,1,6.47,101.6,-0.5,112.8,4.9,106.3,-1.6,Lost Finals,K. Jones (63-19),L. Bird?(15.7)
1983,NBA,BOS,62,20,0.756,1,6.42,99.7,-1.7,110.9,3.3,104.4,-3.2,Won Finals,K. Jones (62-20),L. Bird?(13.6)
1982,NBA,BOS,56,26,0.683,2,5.34,104,0.9,106.9,2.2,101.8,-2.9,Lost E. Conf. Semis,B. Fitch (56-26),L. Bird?(14.0)
1981,NBA,BOS,63,19,0.768,1,6.35,101.5,0.6,109.8,2.9,103.5,-3.4,Lost E. Conf. Finals,B. Fitch (63-19),L. Bird?(12.5)
1980,NBA,BOS,62,20,0.756,1,6.05,100.8,-1,108.4,2.9,102.6,-2.9,Won Finals,B. Fitch (62-20),C. Maxwell?(11.0)
1979,NBA,BOS,61,21,0.744,1,7.37,102.6,-0.5,109.4,4.1,101.9,-3.4,Lost E. Conf. Finals,B. Fitch (61-21),C. Maxwell?(12.2)
1978,NBA,BOS,29,53,0.354,5,-4.78,106.5,0.7,101.6,-2.2,106.4,2.6,,T. Sanders (2-12) D. Cowens (27-41),C. Maxwell?(11.7)
1977,NBA,BOS,32,50,0.39,3,-1.86,105.9,-0.8,99.1,-1.8,100.9,0,,T. Heinsohn (11-23) T. Sanders (21-27),D. Cowens?(10.8)
1976,NBA,BOS,44,38,0.537,2,-1.9,107.5,1,96.5,-3,98.3,-1.2,Lost E. Conf. Semis,T. Heinsohn (44-38),J. White?(6.5)
1975,NBA,BOS,54,28,0.659,1,2.25,106.9,1.4,98.9,0.6,96.7,-1.6,Won Finals,T. Heinsohn (54-28),D. Cowens?(10.7)
1974,NBA,BOS,60,22,0.732,1,5.4,106.1,1.6,100,2.3,94.7,-3,Lost E. Conf. Finals,T. Heinsohn (60-22),J. Havlicek?(9.7)
1973,NBA,BOS,56,26,0.683,1,3.42,110,2.2,98.6,0.9,95.1,-2.6,Won Finals,T. Heinsohn (56-26),J. Havlicek?(9.7)
1972,NBA,BOS,68,14,0.829,1,7.35,114.5,3.8,98.1,1.3,91,-5.8,Lost E. Conf. Finals,T. Heinsohn (68-14),J. Havlicek?(12.1)
1971,NBA,BOS,56,26,0.683,1,4.38,116.1,4.1,99.3,1.4,95.2,-2.7,Lost E. Conf. Finals,T. Heinsohn (56-26),J. Havlicek?(12.4)
1970,NBA,BOS,44,38,0.537,3,2.3,120.2,5.1,97,-0.2,95.3,-1.9,,T. Heinsohn (44-38),J. Havlicek?(12.5)
1969,NBA,BOS,34,48,0.415,6,-1.6,117.5,0.4,97.3,-1.7,98.9,-0.1,,T. Heinsohn (34-48),J. Havlicek?(10.6)
1968,NBA,BOS,48,34,0.585,4,5.35,117.5,0.6,93.8,-1.7,89.1,-6.4,Won Finals,B. Russell (48-34),B. Howell?(11.3)
1967,NBA,BOS,54,28,0.659,2,3.87,121.1,1.3,95.7,-1.1,92.4,-4.4,Won Finals,B. Russell (54-28),B. Howell?(10.1)
1966,NBA,BOS,60,21,0.741,2,7.24,121.2,-0.4,97.5,1.4,91,-5.1,Lost E. Div. Finals,B. Russell (60-21),B. Russell?(12.2)
1965,NBA,BOS,54,26,0.675,2,4.34,122,0.6,92.3,-2.6,88.3,-6.6,Won Finals,R. Auerbach (54-26),B. Russell?(11.7)
1964,NBA,BOS,62,18,0.775,1,7.46,123.6,6.3,90.9,-2.7,84.2,-9.4,Won Finals,R. Auerbach (62-18),B. Russell?(16.9)
1963,NBA,BOS,59,21,0.738,1,6.93,125,11.8,90.1,-4.5,83.8,-10.8,Won Finals,R. Auerbach (59-21),B. Russell?(17.3)
1962,NBA,BOS,58,22,0.725,1,6.38,127.3,12.3,93,-2.9,87.4,-8.5,Won Finals,R. Auerbach (58-22),B. Russell?(13.5)
1961,NBA,BOS,60,20,0.75,1,8.25,130.8,9.5,92.1,-1.5,85.1,-8.5,Won Finals,R. Auerbach (60-20),B. Russell?(15.5)
1960,NBA,BOS,57,22,0.722,1,4.94,134.4,10.9,88.7,-3.4,84.5,-7.6,Won Finals,R. Auerbach (57-22),B. Russell?(13.0)
1959,NBA,BOS,59,16,0.787,1,7.62,136.3,14,91,-0.1,84.9,-6.2,Won Finals,R. Auerbach (59-16),B. Russell?(13.8)
1958,NBA,BOS,52,20,0.722,1,5.84,128.7,16.7,89.5,-0.7,84.5,-5.7,Won Finals,R. Auerbach (52-20),B. Russell?(12.9)
1957,NBA,BOS,49,23,0.681,1,5.02,124.8,7.8,88,-0.8,83.6,-5.2,Lost Finals,R. Auerbach (49-23),B. Russell?(11.3)
1956,NBA,BOS,44,28,0.611,1,4.78,118,13.1,88.5,-0.4,84,-4.9,Won Finals,R. Auerbach (44-28),B. Sharman?(10.4)
1955,NBA,BOS,39,33,0.542,2,0.72,114.5,11.7,92.2,1.9,91.7,1.4,Lost E. Div. Semis,R. Auerbach (39-33),B. Sharman?(8.8)
1954,NBA,BOS,36,36,0.5,3,-0.03,108.6,10.5,93,3.2,93,3.2,Lost E. Div. Finals,R. Auerbach (36-36),E. Macauley?(8.9)
1953,NBA,BOS,42,30,0.583,3,1.97,93,9.4,92.5,5,90,2.5,Lost E. Div. Finals,R. Auerbach (42-30),E. Macauley?(14.6)
1952,NBA,BOS,46,25,0.648,3,1.94,94.7,14.2,91.7,3.7,89.3,1.6,Lost E. Div. Finals,R. Auerbach (46-25),E. Macauley?(14.5)
1951,NBA,BOS,39,27,0.591,2,3.6,100,14.2,90.4,3.5,86.4,-0.5,Lost E. Div. Semis,R. Auerbach (39-27),E. Macauley?(13.8)
1950,NBA,BOS,39,30,0.565,2,-0.41,95.9,10.4,87.3,2.2,87.6,2.5,Lost E. Div. Semis,R. Auerbach (39-30),E. Macauley?(15.9)
1949,NBA,BOS,22,46,0.324,6,-1.73,,,,,,,,A. Julian (22-46),B. Kinney?(4.8)
1948,BAA,BOS,25,35,0.417,5,-2.76,,,,,,,,A. Julian (25-35),J. Seminoff?(5.4)
1947,BAA,BOS,20,28,0.417,3,-3.76,,,,,,,Lost Quarterfinals,J. Russell (20-28),E. Sadowski?(9.3)
1946,BAA,BOS,22,38,0.367,5,-4.45,,,,,,,,J. Russell (22-38),C. Simmons?(6.1)
2017,NBA,TOR,24,10,0.706,2,7.07,98.1,1,112.8,5,104.8,-3,,D. Casey (24-10),D. DeRozan?(4.7)
2016,NBA,TOR,51,31,0.622,2,3.65,94.7,-1.7,112.3,3.5,107.8,-1,Lost E. Conf. Semis,D. Casey (51-31),K. Lowry?(10.1)
2015,NBA,TOR,56,26,0.683,1,4.08,92.9,-2.9,110,3.6,105.2,-1.2,Lost E. Conf. Finals,D. Casey (56-26),K. Lowry?(11.6)
2014,NBA,TOR,49,33,0.598,1,2.45,92.8,-1.1,111,5.4,107.7,2.1,Lost E. Conf. 1st Rnd.,D. Casey (49-33),J. Valanciunas?(8.2)
2013,NBA,TOR,48,34,0.585,1,2.55,91.8,-2.1,108.8,2.1,105.3,-1.4,Lost E. Conf. 1st Rnd.,D. Casey (48-34),K. Lowry?(11.7)
2012,NBA,TOR,34,48,0.415,5,-1.96,90.4,-1.6,105.9,0,107.5,1.6,,D. Casey (34-48),A. Johnson?(7.3)
2011,NBA,TOR,23,43,0.348,4,-3.67,89.3,-2,100.8,-3.8,104.5,-0.1,,D. Casey (23-43),J. Calderon?(5.1)
2010,NBA,TOR,22,60,0.268,5,-6.28,92.9,0.8,106.1,-1.2,112.9,5.6,,J. Triano (22-60),A. Johnson?(5.6)
2009,NBA,TOR,40,42,0.488,2,-1.83,93.1,0.4,111.3,3.7,113.2,5.6,,J. Triano (40-42),C. Bosh?(9.6)
2008,NBA,TOR,33,49,0.402,4,-2.54,92,0.3,107,-1.3,110,1.7,,S. Mitchell (8-9) J. Triano (25-40),C. Bosh?(9.7)
2007,NBA,TOR,41,41,0.5,2,2.47,90.2,-2.2,110.2,2.7,107,-0.5,Lost E. Conf. 1st Rnd.,S. Mitchell (41-41),J. Calderon?(10.2)
2006,NBA,TOR,47,35,0.573,1,0.61,92.6,0.7,107,0.5,106,-0.5,Lost E. Conf. 1st Rnd.,S. Mitchell (47-35),C. Bosh?(9.6)
2005,NBA,TOR,27,55,0.329,4,-3.03,91.1,0.6,109.5,3.3,112.7,6.5,,S. Mitchell (27-55),C. Bosh?(9.8)
2004,NBA,TOR,33,49,0.402,4,-1.81,92.7,1.8,106.9,0.8,108.7,2.6,,S. Mitchell (33-49),C. Bosh?(6.8)
2003,NBA,TOR,33,49,0.402,6,-3.42,86.8,-3.3,97,-5.9,100.4,-2.5,,K. O'Neill (33-49),D. Marshall?(9.8)
2002,NBA,TOR,24,58,0.293,7,-6.1,89.9,-1.1,100.5,-3.1,107,3.4,,L. Wilkens (24-58),A. Williams?(5.5)
2001,NBA,TOR,42,40,0.512,3,-0.71,88.8,-1.9,102.6,-1.9,103.1,-1.4,Lost E. Conf. 1st Rnd.,L. Wilkens (42-40),V. Carter?(7.0)
2000,NBA,TOR,47,35,0.573,2,1.69,90.9,-0.4,105.9,2.9,103.4,0.4,Lost E. Conf. Semis,L. Wilkens (47-35),V. Carter?(12.9)
1999,NBA,TOR,45,37,0.549,3,-0.46,92.5,-0.6,104.7,0.6,104.9,0.8,Lost E. Conf. 1st Rnd.,B. Carter (45-37),V. Carter?(11.8)
1998,NBA,TOR,23,27,0.46,6,-1.32,88.8,-0.1,102,-0.2,103.9,1.7,,B. Carter (23-27),V. Carter?(5.0)
1997,NBA,TOR,16,66,0.195,8,-8.33,92.6,2.3,101.2,-3.8,111,6,,D. Walker (11-38) B. Carter (5-28),D. Christie?(4.0)
1996,NBA,TOR,30,52,0.366,8,-2.56,90.6,0.5,104.6,-2.1,108,1.3,,D. Walker (30-52),D. Stoudamire?(7.6)
1995,NBA,TOR,21,61,0.256,8,-7.2,93.2,1.4,103.8,-3.8,111.8,4.2,,B. Malone (21-61),T. Murray?(4.9)
2017,NBA,NYK,17,18,0.486,3,-0.19,96,-1.1,107.6,-0.2,107.7,-0.1,,J. Hornacek (17-18),E. Kanter?(3.7)
2016,NBA,NYK,31,51,0.378,3,-3.87,96,-0.4,107.7,-1.1,111.5,2.7,,J. Hornacek (31-51),C. Anthony?(4.7)
2015,NBA,NYK,32,50,0.39,3,-2.74,93.4,-2.4,104.6,-1.8,107.6,1.2,,D. Fisher (23-31) K. Rambis (9-19),C. Anthony?(6.4)
2014,NBA,NYK,17,65,0.207,5,-9.5,91.2,-2.7,99.9,-5.7,110,4.4,,D. Fisher (17-65),C. Anthony?(2.9)
2013,NBA,NYK,37,45,0.451,3,-1.4,90.3,-3.6,108.3,1.6,109.1,2.4,,M. Woodson (37-45),C. Anthony?(10.7)
2012,NBA,NYK,54,28,0.659,1,3.73,89.8,-2.2,111.1,5.2,106.3,0.4,Lost E. Conf. Semis,M. Woodson (54-28),C. Anthony?(9.5)
2011,NBA,NYK,36,30,0.545,2,2.39,93.2,1.9,104.4,-0.2,101,-3.6,Lost E. Conf. 1st Rnd.,M. D'Antoni (18-24) M. Woodson (18-6),T. Chandler?(9.5)
2010,NBA,NYK,42,40,0.512,2,0.48,95.6,3.5,110.9,3.6,110.1,2.8,Lost E. Conf. 1st Rnd.,M. D'Antoni (42-40),A. Stoudemire?(8.0)
2009,NBA,NYK,29,53,0.354,3,-4.01,94,1.3,107.6,0,111.6,4,,M. D'Antoni (29-53),D. Lee?(10.3)
2008,NBA,NYK,32,50,0.39,5,-2.33,96.7,5,108.1,-0.2,110.8,2.5,,M. D'Antoni (32-50),D. Lee?(9.0)
2007,NBA,NYK,23,59,0.28,5,-6.55,91.6,-0.8,104.7,-2.8,111.9,4.4,,I. Thomas (23-59),D. Lee?(7.4)
2006,NBA,NYK,33,49,0.402,4,-3.06,90.8,-1.1,105.7,-0.8,108.8,2.3,,I. Thomas (33-49),D. Lee?(6.9)
2005,NBA,NYK,23,59,0.28,5,-6.3,90.8,0.3,104,-2.2,111,4.8,,L. Brown (23-59),J. Crawford?(4.5)
2004,NBA,NYK,33,49,0.402,5,-2.72,90.7,-0.2,106.2,0.1,108.9,2.8,,L. Wilkens (17-22) H. Williams (16-27),S. Marbury?(11.7)
2003,NBA,NYK,39,43,0.476,3,-1.97,89.5,-0.6,101.7,-1.2,103.3,0.4,Lost E. Conf. 1st Rnd.,D. Chaney (15-24) H. Williams (1-0) L. Wilkens (23-19),S. Marbury?(5.5)
2002,NBA,NYK,37,45,0.451,6,-1.61,90.7,-0.3,104.7,1.1,106.2,2.6,,D. Chaney (37-45),A. Houston?(7.2)
2001,NBA,NYK,30,52,0.366,7,-4.15,89.7,-1,101.5,-3,105.9,1.4,,J. Van Gundy (10-9) D. Chaney (20-43),K. Thomas?(6.5)
2000,NBA,NYK,48,34,0.585,3,1.98,86.7,-4.6,101.2,-1.8,98.2,-4.8,Lost E. Conf. 1st Rnd.,J. Van Gundy (48-34),M. Camby?(10.3)
1999,NBA,NYK,50,32,0.61,2,1.3,89.2,-3.9,102.5,-1.6,100.9,-3.2,Lost E. Conf. Finals,J. Van Gundy (50-32),A. Houston?(8.6)
1998,NBA,NYK,27,23,0.54,4,1.45,86.9,-2,98.6,-3.6,97.5,-4.7,Lost Finals,J. Van Gundy (27-23),L. Johnson?(4.9)
1997,NBA,NYK,43,39,0.524,2,2.74,88.2,-2.1,103,-2,100.3,-4.7,Lost E. Conf. Semis,J. Van Gundy (43-39),C. Ward?(7.1)
1996,NBA,NYK,57,25,0.695,2,3.31,90.5,0.4,104.4,-2.3,101,-5.7,Lost E. Conf. Semis,J. Van Gundy (57-25),P. Ewing?(9.8)
1995,NBA,NYK,47,35,0.573,2,2.24,91,-0.8,106,-1.6,103.5,-4.1,Lost E. Conf. Semis,D. Nelson (34-25) J. Van Gundy (13-10),A. Mason?(11.3)
1994,NBA,NYK,55,27,0.671,2,2.78,91.2,-1.7,107.2,-1.1,103.8,-4.5,Lost E. Conf. Semis,P. Riley (55-27),P. Ewing?(9.6)
1993,NBA,NYK,57,25,0.695,1,6.48,92.8,-2.3,105.7,-0.6,98.2,-8.1,Lost Finals,P. Riley (57-25),P. Ewing?(13.1)
1992,NBA,NYK,60,22,0.732,1,5.87,94.5,-2.3,106.1,-1.9,99.7,-8.3,Lost E. Conf. Finals,P. Riley (60-22),P. Ewing?(10.6)
1991,NBA,NYK,51,31,0.622,2,3.67,92.9,-3.7,108.3,0.1,104.2,-4,Lost E. Conf. Semis,P. Riley (51-31),P. Ewing?(13.0)
1990,NBA,NYK,39,43,0.476,3,-0.43,95,-2.8,107.1,-0.8,107.3,-0.6,Lost E. Conf. 1st Rnd.,S. Jackson (7-8) J. MacLeod (32-35),P. Ewing?(10.0)
1989,NBA,NYK,45,37,0.549,3,0.78,98.2,-0.1,109.4,1.3,108,-0.1,Lost E. Conf. Semis,S. Jackson (45-37),P. Ewing?(13.5)
1988,NBA,NYK,52,30,0.634,1,3.62,104.4,3.8,111.1,3.3,107.5,-0.3,Lost E. Conf. Semis,R. Pitino (52-30),P. Ewing?(10.9)
1987,NBA,NYK,38,44,0.463,3,0.14,99.1,-0.5,105.9,-2.1,106.4,-1.6,Lost E. Conf. 1st Rnd.,R. Pitino (38-44),P. Ewing?(8.1)
1986,NBA,NYK,24,58,0.293,5,-5.42,98.5,-2.3,104.8,-3.5,111.1,2.8,,H. Brown (4-12) B. Hill (20-46),B. Cartwright?(5.8)
1985,NBA,NYK,23,59,0.28,5,-4.82,98.6,-3.5,99.5,-7.7,105.2,-2,,H. Brown (23-59),T. Tucker?(4.0)
1984,NBA,NYK,24,58,0.293,5,-4.09,99.5,-2.6,104.9,-3,109.6,1.7,,H. Brown (24-58),B. King?(7.1)
1983,NBA,NYK,47,35,0.573,3,3.79,99,-2.4,107,-0.6,103.1,-4.5,Lost E. Conf. Semis,H. Brown (47-35),B. King?(12.1)
1982,NBA,NYK,44,38,0.537,4,2.58,97,-6.1,102.4,-2.3,99.9,-4.8,Lost E. Conf. Semis,H. Brown (44-38),B. Cartwright?(10.1)
1981,NBA,NYK,33,49,0.402,5,-2.15,99.5,-1.4,106,-0.9,108.6,1.7,,R. Holzman (33-49),M. Lucas?(7.4)
1980,NBA,NYK,50,32,0.61,3,2,101,-0.8,106,0.5,104.4,-1.1,Lost E. Conf. 1st Rnd.,R. Holzman (50-32),B. Cartwright?(10.0)
1979,NBA,NYK,39,43,0.476,4,-0.96,106.5,3.4,106.5,1.2,107.5,2.2,,R. Holzman (39-43),B. Cartwright?(9.7)
1978,NBA,NYK,31,51,0.378,4,-3.29,104.9,-0.9,102.2,-1.6,105.4,1.6,,W. Reed (6-8) R. Holzman (25-43),T. Knight?(5.7)
1977,NBA,NYK,43,39,0.524,2,-0.53,109.7,3,101.7,0.8,102.2,1.3,Lost E. Conf. Semis,W. Reed (43-39),B. McAdoo?(10.9)
1976,NBA,NYK,40,42,0.488,3,0.01,108.1,1.6,100.1,0.6,100.1,0.6,,R. Holzman (40-42),B. McAdoo?(7.9)
1975,NBA,NYK,38,44,0.463,4,-1.05,104.1,-1.4,98,-0.3,99.2,0.9,,R. Holzman (38-44),E. Monroe?(7.2)
1974,NBA,NYK,40,42,0.488,3,-0.92,103.1,-1.4,97.1,-0.6,98.3,0.6,Lost E. Conf. 1st Rnd.,R. Holzman (40-42),W. Frazier?(10.8)
1973,NBA,NYK,49,33,0.598,2,2.42,103.5,-4.3,97.4,-0.3,94.7,-3,Lost E. Conf. Finals,R. Holzman (49-33),W. Frazier?(10.9)
1972,NBA,NYK,57,25,0.695,2,6.07,105.9,-4.8,98.9,2.1,92.5,-4.3,Won Finals,R. Holzman (57-25),W. Frazier?(13.0)
1971,NBA,NYK,48,34,0.585,2,2.28,108,-4,98.5,0.6,96.3,-1.6,Lost Finals,R. Holzman (48-34),W. Frazier?(14.5)
1970,NBA,NYK,52,30,0.634,1,5.05,112.2,-2.9,97.8,0.6,93.3,-3.9,Lost E. Conf. Finals,R. Holzman (52-30),W. Frazier?(15.6)
1969,NBA,NYK,60,22,0.732,1,8.42,114.3,-2.8,100.3,1.3,92.4,-6.6,Won Finals,R. Holzman (60-22),W. Frazier?(15.0)
1968,NBA,NYK,54,28,0.659,3,5.48,112.4,-4.5,98.4,2.9,93.3,-2.2,Lost E. Div. Finals,R. Holzman (54-28),W. Reed?(14.7)
1967,NBA,NYK,43,39,0.524,3,1.78,117.2,-2.6,98.1,1.3,96.5,-0.3,Lost E. Div. Semis,D. McGuire (15-23) R. Holzman (28-16),W. Bellamy?(11.1)
1966,NBA,NYK,36,45,0.444,4,-2.74,118.5,-3.1,97.9,1.8,100.5,4.4,Lost E. Div. Semis,D. McGuire (36-45),W. Bellamy?(8.8)
1965,NBA,NYK,30,50,0.375,4,-2.31,118.9,-2.5,97.8,2.9,99.9,5,,H. Gallatin (6-15) D. McGuire (24-35),W. Bellamy?(8.9)
1964,NBA,NYK,31,49,0.388,4,-3.26,113.5,-3.8,93.2,-0.4,96.4,2.8,,E. Donovan (12-26) H. Gallatin (19-23),W. Reed?(5.5)
1963,NBA,NYK,22,58,0.275,4,-5.91,117.1,3.9,95.4,0.8,101.2,6.6,,E. Donovan (22-58),B. McGill?(4.5)
1962,NBA,NYK,21,59,0.263,4,-6.2,117.5,2.5,93.5,-2.4,99.7,3.8,,E. Donovan (21-59),R. Guerin?(7.2)
1961,NBA,NYK,29,51,0.363,4,-3.98,125.6,4.3,91.2,-2.4,95,1.4,,E. Donovan (29-51),R. Guerin?(12.1)
1960,NBA,NYK,21,58,0.266,4,-5.43,122.9,-0.6,91.9,-0.2,97.1,5,,C. Braun (21-58),W. Naulls?(5.7)
1959,NBA,NYK,27,48,0.36,4,-1.43,125.9,3.6,93,1.9,94.9,3.8,,A. Levane (8-19) C. Braun (19-29),K. Sears?(8.8)
1958,NBA,NYK,40,32,0.556,2,0.49,118,6,93,2.8,92.7,2.5,Lost E. Div. Semis,A. Levane (40-32),K. Sears?(13.3)
1957,NBA,NYK,35,37,0.486,4,1.35,121.5,4.5,91.7,2.9,90.8,2,,V. Boryla (35-37),K. Sears?(10.0)
1956,NBA,NYK,36,36,0.5,4,0.07,110.5,5.6,90.6,1.7,90.7,1.8,,V. Boryla (36-36),H. Gallatin?(8.1)
1955,NBA,NYK,35,37,0.486,4,-0.2,106.5,3.7,92.4,2.1,92.8,2.5,Lost E. Div. Third Place Tiebreaker,J. Lapchick (26-25) V. Boryla (9-12),K. Sears?(6.2)
1954,NBA,NYK,38,34,0.528,2,0.11,101.8,3.7,90.2,0.4,90.1,0.3,Lost E. Div. Semis,J. Lapchick (38-34),H. Gallatin?(8.3)
1953,NBA,NYK,44,28,0.611,1,-0.16,87.4,3.8,89.3,1.8,89.4,1.9,Eliminated in E. Div. Rnd. Robin,J. Lapchick (44-28),H. Gallatin?(11.8)
1952,NBA,NYK,47,23,0.671,1,4.39,93.1,12.6,90.5,2.5,85,-2.7,Lost Finals,J. Lapchick (47-23),H. Gallatin?(11.3)
1951,NBA,NYK,37,29,0.561,3,0.67,94.9,9.1,88.7,1.8,87.9,1,Lost Finals,J. Lapchick (37-29),H. Gallatin?(8.9)
1950,NBA,NYK,36,30,0.545,3,0.49,94.8,9.3,88,2.9,87.6,2.5,Lost Finals,J. Lapchick (36-30),H. Gallatin?(7.6)
1949,NBA,NYK,40,28,0.588,2,2.53,,,,,,,Lost E. Div. Finals,J. Lapchick (40-28),H. Gallatin?(7.8)
1948,BAA,NYK,32,28,0.533,2,1.24,,,,,,,Lost E. Div. Finals,J. Lapchick (32-28),B. Palmer?(7.2)
1947,BAA,NYK,26,22,0.542,2,2.3,,,,,,,Lost Quarterfinals,J. Lapchick (26-22),B. Palmer?(7.4)
1946,BAA,NYK,33,27,0.55,3,0.58,,,,,,,Lost Semis,N. Cohalan (33-27),O. Schectman?(4.3)
2017,NBA,PHI,15,19,0.441,4,-0.08,100.8,3.7,105.8,-2,106.8,-1,,B. Brown (15-19),J. Embiid?(2.6)
2016,NBA,PHI,28,54,0.341,4,-5.83,98.5,2.1,103.2,-5.6,108.9,0.1,,B. Brown (28-54),T. McConnell?(3.8)
2015,NBA,PHI,10,72,0.122,5,-9.92,97.9,2.1,98.8,-7.6,109.2,2.8,,B. Brown (10-72),N. Noel?(3.0)
2014,NBA,PHI,18,64,0.22,4,-9.04,95.7,1.8,95.5,-10.1,104.8,-0.8,,B. Brown (18-64),N. Noel?(4.0)
2013,NBA,PHI,19,63,0.232,5,-10.66,99.2,5.3,99.4,-7.3,109.9,3.2,,B. Brown (19-63),T. Young?(3.5)
2012,NBA,PHI,34,48,0.415,4,-3.51,91,-1,102,-3.9,105.7,-0.2,,D. Collins (34-48),T. Young?(7.4)
2011,NBA,PHI,35,31,0.53,3,3.59,89.7,-1.6,103.9,-0.7,99.2,-5.4,Lost E. Conf. Semis,D. Collins (35-31),A. Iguodala?(7.3)
2010,NBA,PHI,41,41,0.5,3,1.01,91.7,-0.4,106.6,-0.7,105,-2.3,Lost E. Conf. 1st Rnd.,D. Collins (41-41),E. Brand?(9.4)
2009,NBA,PHI,27,55,0.329,4,-3.93,91.6,-1.1,106.1,-1.5,110.3,2.7,,E. Jordan (27-55),A. Iguodala?(6.7)
2008,NBA,PHI,41,41,0.5,2,0.16,90,-1.7,107.9,-0.4,107.8,-0.5,Lost E. Conf. 1st Rnd.,M. Cheeks (9-14) T. DiLeo (32-27),A. Iguodala?(9.2)
2007,NBA,PHI,40,42,0.488,3,0.19,90.4,-2,106.4,-1.1,106,-1.5,Lost E. Conf. 1st Rnd.,M. Cheeks (40-42),A. Iguodala?(9.6)
2006,NBA,PHI,35,47,0.427,3,-3.26,90.7,-1.2,103.6,-2.9,106.9,0.4,,M. Cheeks (35-47),A. Iguodala?(7.7)
2005,NBA,PHI,38,44,0.463,2,-2.1,92.7,2.2,106,-0.2,108.1,1.9,,M. Cheeks (38-44),A. Iverson?(10.6)
2004,NBA,PHI,43,39,0.524,2,-1.07,94.9,4,103.5,-2.6,104.3,-1.8,Lost E. Conf. 1st Rnd.,J. O'Brien (43-39),A. Iverson?(9.0)
2003,NBA,PHI,33,49,0.402,5,-2.95,88,-2.1,99.1,-3.8,101.9,-1,,R. Ayers (21-31) C. Ford (12-18),S. Dalembert?(6.9)
2002,NBA,PHI,48,34,0.585,2,1.76,91.4,0.4,105,1.4,102.5,-1.1,Lost E. Conf. Semis,L. Brown (48-34),A. Iverson?(9.2)
2001,NBA,PHI,43,39,0.524,4,1.27,88.9,-1.8,102.1,-2.4,100.3,-4.2,Lost E. Conf. 1st Rnd.,L. Brown (43-39),D. Mutombo?(9.6)
2000,NBA,PHI,56,26,0.683,1,3.64,90.6,-0.7,103.6,0.6,98.9,-4.1,Lost Finals,L. Brown (56-26),A. Iverson?(11.8)
1999,NBA,PHI,49,33,0.598,3,1.02,92.7,-0.4,101.5,-2.6,100,-4.1,Lost E. Conf. Semis,L. Brown (49-33),A. Iverson?(6.9)
1998,NBA,PHI,28,22,0.56,3,2.56,88.6,-0.3,99.9,-2.3,97.6,-4.6,Lost E. Conf. Semis,L. Brown (28-22),A. Iverson?(7.2)
1997,NBA,PHI,31,51,0.378,7,-1.89,90.4,0.1,102.8,-2.2,105.4,0.4,,L. Brown (31-51),A. Iverson?(9.0)
1996,NBA,PHI,22,60,0.268,6,-5.89,95.3,5.2,104.6,-2.1,111.4,4.7,,J. Davis (22-60),C. Weatherspoon?(5.0)
1995,NBA,PHI,18,64,0.22,7,-9.45,92.2,0.4,102.2,-5.4,113,5.4,,J. Lucas (18-64),C. Weatherspoon?(5.8)
1994,NBA,PHI,24,58,0.293,6,-5.06,91,-1.9,104.1,-4.2,109.7,1.4,,J. Lucas (24-58),D. Barros?(12.7)
1993,NBA,PHI,25,57,0.305,6,-7.37,95.7,0.6,101.7,-4.6,109.7,3.4,,F. Carter (25-57),C. Weatherspoon?(6.0)
1992,NBA,PHI,26,56,0.317,6,-5.25,98.5,1.7,104.6,-3.4,110.4,2.4,,D. Moe (19-37) F. Carter (7-19),H. Hawkins?(8.5)
1991,NBA,PHI,35,47,0.427,5,-1.34,93.7,-2.9,108.3,0.1,109.7,1.5,,J. Lynam (35-47),C. Barkley?(12.3)
1990,NBA,PHI,44,38,0.537,2,-0.39,95.7,-2.1,107.9,0,108.1,0.2,Lost E. Conf. Semis,J. Lynam (44-38),C. Barkley?(13.4)
1989,NBA,PHI,53,29,0.646,1,4.23,96.5,-1.8,113.5,5.4,108.4,0.3,Lost E. Conf. Semis,J. Lynam (53-29),C. Barkley?(17.3)
1988,NBA,PHI,46,36,0.561,2,1.68,98.5,-2.1,113,5.2,111.5,3.7,Lost E. Conf. 1st Rnd.,J. Lynam (46-36),C. Barkley?(16.1)
1987,NBA,PHI,36,46,0.439,4,-0.79,96,-3.6,108.8,0.8,110.3,2.3,,M. Guokas (20-23) J. Lynam (16-23),C. Barkley?(16.7)
1986,NBA,PHI,45,37,0.549,2,0.11,97.3,-3.5,108.3,0,108.5,0.2,Lost E. Conf. 1st Rnd.,M. Guokas (45-37),C. Barkley?(12.0)
1985,NBA,PHI,54,28,0.659,2,2.46,100.5,-1.6,108.6,1.4,106.3,-0.9,Lost E. Conf. Semis,M. Guokas (54-28),C. Barkley?(10.8)
1984,NBA,PHI,58,24,0.707,2,4.17,100.8,-1.3,111.3,3.4,107.3,-0.6,Lost E. Conf. Finals,B. Cunningham (58-24),M. Malone?(11.9)
1983,NBA,PHI,52,30,0.634,2,2.39,99.6,-1.8,106.8,-0.8,104.6,-3,Lost E. Conf. 1st Rnd.,B. Cunningham (52-30),J. Erving?(10.1)
1982,NBA,PHI,65,17,0.793,1,7.53,102.7,-0.4,108.3,3.6,100.9,-3.8,Won Finals,B. Cunningham (65-17),M. Malone?(15.1)
1981,NBA,PHI,58,24,0.707,2,5.74,100.6,-0.3,109.6,2.7,103.9,-3,Lost Finals,B. Cunningham (58-24),J. Erving?(13.3)
1980,NBA,PHI,62,20,0.756,2,7.76,103.4,1.6,107,1.5,99.5,-6,Lost E. Conf. Finals,B. Cunningham (62-20),J. Erving?(13.8)
1979,NBA,PHI,59,23,0.72,2,4.04,103,-0.1,105,-0.3,101,-4.3,Lost Finals,B. Cunningham (59-23),J. Erving?(12.5)
1978,NBA,PHI,47,35,0.573,2,1.74,106.7,0.9,102,-1.8,100.3,-3.5,Lost E. Conf. Semis,B. Cunningham (47-35),J. Erving?(7.9)
1977,NBA,PHI,55,27,0.671,1,4.87,108.4,1.7,105,4.1,100.3,-0.6,Lost E. Conf. Finals,G. Shue (2-4) B. Cunningham (53-23),J. Erving?(9.1)
1976,NBA,PHI,50,32,0.61,1,3.78,108.3,1.8,101.2,1.7,97.6,-1.9,Lost Finals,G. Shue (50-32),J. Erving?(11.5)
1975,NBA,PHI,46,36,0.561,2,0.33,107.5,2,98.2,-0.1,98,-0.3,Lost E. Conf. 1st Rnd.,G. Shue (46-36),D. Collins?(10.0)
1974,NBA,PHI,34,48,0.415,4,-2.6,103.4,-1.1,95.8,-1.9,98.8,1.1,,G. Shue (34-48),D. Collins?(7.7)
1973,NBA,PHI,25,57,0.305,4,-5.94,108.3,0.5,93.1,-4.6,99,1.3,,G. Shue (25-57),S. Mix?(8.2)
1972,NBA,PHI,9,73,0.11,4,-11.5,115.2,4.5,90.2,-6.6,100.6,3.8,,R. Rubin (4-47) K. Loughery (5-26),J. Block?(3.4)
1971,NBA,PHI,30,52,0.366,3,-3.44,115.8,3.8,96.4,-1.5,99.5,1.6,,J. Ramsay (30-52),B. Cunningham?(8.3)
1970,NBA,PHI,47,35,0.573,2,1.81,115.7,0.6,98.8,1.6,97.5,0.3,Lost E. Conf. Semis,J. Ramsay (47-35),A. Clark?(11.4)
1969,NBA,PHI,42,40,0.512,4,3.32,120.9,3.8,100.5,1.5,97.7,-1.3,Lost E. Div. Semis,J. Ramsay (42-40),B. Cunningham?(10.3)
1968,NBA,PHI,55,27,0.671,2,4.79,120.4,3.5,98.1,2.6,93.9,-1.6,Lost E. Div. Semis,J. Ramsay (55-27),H. Greer?(9.9)
1967,NBA,PHI,62,20,0.756,1,7.96,124.3,4.5,98.1,1.3,91.2,-5.6,Lost E. Div. Finals,A. Hannum (62-20),W. Chamberlain?(20.4)
1966,NBA,PHI,68,13,0.84,1,8.5,122.9,1.3,101.5,5.4,93.9,-2.2,Won Finals,A. Hannum (68-13),W. Chamberlain?(21.9)
1965,NBA,PHI,55,25,0.688,1,4.16,122.8,1.4,95.3,0.4,91.5,-3.4,Lost E. Div. Finals,D. Schayes (55-25),W. Chamberlain?(21.4)
1964,NBA,PHI,40,40,0.5,3,-0.13,119.1,1.8,94.1,0.5,94.2,0.6,Lost E. Div. Finals,D. Schayes (40-40),W. Chamberlain?(7.6)
1963,NBA,PHI,34,46,0.425,3,-3.75,119.4,6.2,93.8,-0.8,97.5,2.9,Lost E. Div. Semis,D. Schayes (34-46),H. Greer?(8.1)
1962,NBA,SYR,48,32,0.6,2,3.4,123.3,8.3,98.4,2.5,95.3,-0.6,Lost E. Div. Semis,A. Hannum (48-32),H. Greer?(8.2)
1961,NBA,SYR,41,39,0.513,3,2.24,128.8,7.5,93.4,-0.2,91.6,-2,Lost E. Div. Semis,A. Hannum (41-39),H. Greer?(8.5)
1960,NBA,SYR,38,41,0.481,3,1.93,129.1,5.6,93.6,1.5,91.9,-0.2,Lost E. Div. Finals,A. Hannum (38-41),L. Costello?(8.6)
1959,NBA,SYR,45,30,0.6,3,2.77,127.2,4.9,93.1,2,91,-0.1,Lost E. Div. Semis,P. Seymour (45-30),D. Schayes?(9.5)
1958,NBA,SYR,35,37,0.486,3,3.74,121,9,92.5,2.3,89.2,-1,Lost E. Div. Finals,P. Seymour (35-37),D. Schayes?(9.4)
1957,NBA,SYR,41,31,0.569,2,2.18,119.1,2.1,89.9,1.1,88.1,-0.7,Lost E. Div. Semis,P. Seymour (41-31),D. Schayes?(13.7)
1956,NBA,SYR,38,34,0.528,2,-1.03,112.3,7.4,88.3,-0.6,89.5,0.6,Lost E. Div. Finals,A. Cervi (4-8) P. Seymour (34-26),D. Schayes?(12.5)
1955,NBA,SYR,35,37,0.486,3,0.17,108.5,5.7,88,-2.3,88,-2.3,Lost E. Div. Finals,A. Cervi (35-37),D. Schayes?(11.8)
1954,NBA,SYR,43,29,0.597,1,1.23,103.6,5.5,87.5,-2.3,86.2,-3.6,Won Finals,A. Cervi (43-29),D. Schayes?(12.0)
1953,NBA,SYR,42,30,0.583,2,4.27,93.5,9.9,88.2,0.7,83,-4.5,Lost Finals,A. Cervi (42-30),D. Schayes?(14.8)
1952,NBA,SYR,47,24,0.662,2,3.62,92.8,12.3,90.6,2.6,86,-1.7,Lost E. Div. Semis,A. Cervi (47-24),D. Schayes?(13.1)
1951,NBA,SYR,40,26,0.606,1,3.94,96.1,10.3,89.2,2.3,84.6,-2.3,Lost E. Div. Finals,A. Cervi (40-26),D. Schayes?(8.5)
1950,NBA,SYR,32,34,0.485,4,0.62,98.1,12.6,86.4,1.3,85.9,0.8,Lost E. Div. Finals,A. Cervi (32-34),D. Schayes?(10.3)
1949,NBA,SYR,51,13,0.797,1,6.48,,,,,,,Lost Finals,A. Cervi (51-13),D. Schayes?(12.8)
2017,NBA,BRK,13,22,0.371,5,-2.73,100.5,3.4,106.7,-1.1,109.2,1.4,,K. Atkinson (13-22),S. Dinwiddie?(2.9)
2016,NBA,BRK,20,62,0.244,5,-6.74,101.3,4.9,104.1,-4.7,110.7,1.9,,K. Atkinson (20-62),B. Lopez?(4.9)
2015,NBA,BRK,21,61,0.256,4,-7.12,95.2,-0.6,103.2,-3.2,110.9,4.5,,L. Hollins (10-27) T. Brown (11-34),B. Lopez?(6.2)
2014,NBA,BRK,38,44,0.463,3,-3.13,92.7,-1.2,104.4,-1.2,107.4,1.8,Lost E. Conf. 1st Rnd.,L. Hollins (38-44),B. Lopez?(7.0)
2013,NBA,BRK,44,38,0.537,2,-1.58,91.4,-2.5,106.7,0,107.7,1,Lost E. Conf. Semis,J. Kidd (44-38),D. Williams?(5.4)
2012,NBA,BRK,49,33,0.598,2,1.25,88.8,-3.2,108.2,2.3,106.2,0.3,Lost E. Conf. 1st Rnd.,A. Johnson (14-14) P. Carlesimo (35-19),D. Williams?(10.9)
2011,NBA,NJN,22,44,0.333,5,-6.37,90.1,-1.2,102.9,-1.7,109.6,5,,A. Johnson (22-44),K. Humphries?(5.3)
2010,NBA,NJN,24,58,0.293,4,-6.28,89.9,-2.2,103.1,-4.2,109.9,2.6,,A. Johnson (24-58),B. Lopez?(6.3)
2009,NBA,NJN,12,70,0.146,5,-8.93,91.4,-1.3,100.6,-7,110.5,2.9,,L. Frank (0-16) T. Barrise (0-2) K. Vandeweghe (12-52),B. Lopez?(7.9)
2008,NBA,NJN,34,48,0.415,3,-2.31,89.9,-1.8,108.3,0,111,2.7,,L. Frank (34-48),V. Carter?(7.5)
2007,NBA,NJN,34,48,0.415,4,-5.15,91.5,-0.9,104,-3.5,109.4,1.9,,L. Frank (34-48),V. Carter?(7.7)
2006,NBA,NJN,41,41,0.5,2,-1,91.4,-0.5,105.7,-0.8,106.6,0.1,Lost E. Conf. Semis,L. Frank (41-41),V. Carter?(10.5)
2005,NBA,NJN,49,33,0.598,1,1.11,89.8,-0.7,103.9,-2.3,102.4,-3.8,Lost E. Conf. Semis,L. Frank (49-33),R. Jefferson?(11.7)
2004,NBA,NJN,42,40,0.512,3,-1.82,89.1,-1.8,101.4,-4.7,103.1,-3,Lost E. Conf. 1st Rnd.,L. Frank (42-40),V. Carter?(8.5)
2003,NBA,NJN,47,35,0.573,1,1.88,89.4,-0.7,100.8,-2.1,98,-4.9,Lost E. Conf. Semis,B. Scott (22-20) L. Frank (25-15),R. Jefferson?(11.0)
2002,NBA,NJN,49,33,0.598,1,4.42,91.6,0.6,103.8,0.2,98.1,-5.5,Lost Finals,B. Scott (49-33),J. Kidd?(11.3)
2001,NBA,NJN,52,30,0.634,1,3.67,91.8,1.1,104,-0.5,99.5,-5,Lost Finals,B. Scott (52-30),J. Kidd?(8.9)
2000,NBA,NJN,26,56,0.317,6,-5.3,91.8,0.5,100,-3,105.5,2.5,,B. Scott (26-56),S. Marbury?(7.8)
1999,NBA,NJN,31,51,0.378,6,-1.18,92.5,-0.6,105.1,1,106.3,2.2,,D. Casey (31-51),S. Marbury?(7.4)
1998,NBA,NJN,16,34,0.32,7,-3.2,91.5,2.6,99.5,-2.7,103.6,1.4,,J. Calipari (3-17) D. Casey (13-17),S. Marbury?(4.0)
1997,NBA,NJN,43,39,0.524,3,1.88,91,0.7,108.3,3.3,106.6,1.6,Lost E. Conf. 1st Rnd.,J. Calipari (43-39),K. Kittles?(8.4)
1996,NBA,NJN,26,56,0.317,5,-3.89,92.4,2.3,104.7,-2,109.7,3,,J. Calipari (26-56),K. Gill?(8.8)
1995,NBA,NJN,30,52,0.366,6,-4.14,90.9,-0.9,101.9,-5.7,106.5,-1.1,,B. Beard (30-52),A. Gilliam?(6.7)
1994,NBA,NJN,30,52,0.366,5,-3.28,92.3,-0.6,105.2,-3.1,108.6,0.3,,B. Beard (30-52),K. Anderson?(6.8)
1993,NBA,NJN,45,37,0.549,3,2.11,95.5,0.4,107.2,0.9,104.9,-1.4,Lost E. Conf. 1st Rnd.,C. Daly (45-37),D. Coleman?(9.9)
1992,NBA,NJN,43,39,0.524,3,1.2,96,-0.8,106.5,-1.5,105.2,-2.8,Lost E. Conf. 1st Rnd.,C. Daly (43-39),D. Coleman?(9.5)
1991,NBA,NJN,40,42,0.488,3,-1.54,98,1.4,107,-1.2,108.7,0.5,Lost E. Conf. 1st Rnd.,B. Fitch (40-42),D. Petrovic?(7.7)
1990,NBA,NJN,26,56,0.317,5,-4.53,99.3,1.5,102.9,-5,107.4,-0.5,,B. Fitch (26-56),D. Coleman?(5.8)
1989,NBA,NJN,17,65,0.207,6,-7.82,99.3,1,100.7,-7.4,108.6,0.5,,B. Fitch (17-65),S. Bowie?(4.7)
1988,NBA,NJN,26,56,0.317,5,-5.69,100.1,-0.5,103,-4.8,109.3,1.5,,W. Reed (26-56),L. Conner?(6.2)
1987,NBA,NJN,19,63,0.232,5,-6.98,98.6,-1,101.4,-6.6,109.6,1.6,,D. Wohl (2-13) B. MacKinnon (10-29) W. Reed (7-21),B. Williams?(7.6)
1986,NBA,NJN,24,58,0.293,4,-4.42,101.8,1,105.6,-2.7,110.5,2.2,,D. Wohl (24-58),B. Williams?(7.9)
1985,NBA,NJN,39,43,0.476,4,-1.39,103.3,1.2,105,-2.2,106.9,-0.3,Lost E. Conf. 1st Rnd.,D. Wohl (39-43),M. Gminski?(9.2)
1984,NBA,NJN,42,40,0.512,3,0.64,101,-1.1,107.9,0,107.7,-0.2,Lost E. Conf. 1st Rnd.,S. Albeck (42-40),M. Richardson?(8.7)
1983,NBA,NJN,45,37,0.549,4,1.27,103,1.6,106.1,-1.5,105,-2.6,Lost E. Conf. Semis,S. Albeck (45-37),D. Dawkins?(7.9)
1982,NBA,NJN,49,33,0.598,3,2.77,104,0.9,101.6,-3.1,98.9,-5.8,Lost E. Conf. 1st Rnd.,L. Brown (47-29) B. Blair (2-4),B. Williams?(11.4)
1981,NBA,NJN,44,38,0.537,3,0.87,103.1,2.2,103,-3.9,102.3,-4.6,Lost E. Conf. 1st Rnd.,L. Brown (44-38),B. Williams?(8.9)
1980,NBA,NJN,24,58,0.293,5,-5.15,105.2,3.4,101,-4.5,106.7,1.2,,K. Loughery (12-23) B. MacKinnon (12-35),M. Newlin?(6.1)
1979,NBA,NJN,34,48,0.415,5,-0.98,106.1,3,101.5,-3.8,102.5,-2.8,,K. Loughery (34-48),M. Newlin?(6.5)
1978,NBA,NJN,37,45,0.451,3,-4,109.5,3.7,98,-5.8,101.8,-2,Lost E. Conf. 1st Rnd.,K. Loughery (37-45),B. King?(6.5)
1977,NBA,NJN,24,58,0.293,5,-5.61,110.9,4.2,95,-5.9,100.2,-0.7,,K. Loughery (24-58),B. King?(5.9)
1976,NBA,NYN,22,60,0.268,5,-6.54,103.7,-2.8,92.2,-7.3,98.7,-0.8,,K. Loughery (22-60),J. Van Breda Kolff?(4.5)
1975,ABA,NYN,55,29,0.655,2,2.56,105.9,-1,104.4,0.3,101.7,-2.4,Won Finals,K. Loughery (55-29),J. Erving?(17.7)
1974,ABA,NYN,58,26,0.69,2,6.58,103.4,0.3,106.3,1.6,98.9,-5.8,Lost E. Div. Semis,K. Loughery (58-26),J. Erving?(17.6)
1973,ABA,NYN,55,29,0.655,1,4.8,105,2.4,103.5,0.5,98.4,-4.6,Won Finals,K. Loughery (55-29),J. Erving?(16.5)
1972,ABA,NYN,30,54,0.357,4,-5.8,104.5,-4.8,98.8,-3,105,3.2,Lost E. Div. Semis,L. Carnesecca (30-54),B. Paultz?(5.6)
1971,ABA,NYN,44,40,0.524,3,0.21,108.8,-3.1,102.3,1.7,101.9,1.3,Lost Finals,L. Carnesecca (44-40),R. Barry?(11.1)
1970,ABA,NYN,40,44,0.476,3,-0.86,107.3,-3.8,103,-2,103.5,-1.5,Lost E. Div. Semis,L. Carnesecca (40-44),R. Barry?(8.1)
1969,ABA,NYN,39,45,0.464,4,-1.02,107.2,-2,100.7,-2,101.5,-1.2,Lost E. Div. Semis,Y. Larese (39-45),L. Tart?(10.9)
1968,ABA,NYN,17,61,0.218,5,-7.89,109.4,0,98.4,-5.6,106.3,2.3,,M. Zaslofsky (17-61),W. Simon?(3.4)
1967,ABA,NJA,36,42,0.462,5,-1.13,108.2,1.2,102.2,0.9,103.7,2.4,,M. Zaslofsky (36-42),D. Anderson?(7.9)
2017,NBA,MIN,22,14,0.611,1,1.23,95.6,-1.5,112.6,4.8,110.6,2.8,,T. Thibodeau (22-14),K. Towns?(5.2)
2016,NBA,MIN,31,51,0.378,5,-0.64,94.6,-1.8,110.8,2,112,3.2,,T. Thibodeau (31-51),K. Towns?(12.7)
2015,NBA,MIN,29,53,0.354,5,-3.38,95.2,-0.6,106.5,0.1,110.1,3.7,,S. Mitchell (29-53),K. Towns?(8.3)
2014,NBA,MIN,16,66,0.195,5,-8,94.4,0.5,102.9,-2.7,112.2,6.6,,F. Saunders (16-66),G. Dieng?(4.9)
2013,NBA,MIN,40,42,0.488,3,3.1,97.3,3.4,108.9,2.2,106.2,-0.5,,R. Adelman (40-42),K. Love?(14.3)
2012,NBA,MIN,31,51,0.378,5,-1.83,92.8,0.8,102.9,-3,105.4,-0.5,,R. Adelman (31-51),N. Pekovic?(6.7)
2011,NBA,MIN,26,40,0.394,5,-1.83,93.3,2,104.3,-0.3,106.6,2,,R. Adelman (26-40),K. Love?(10.0)
2010,NBA,MIN,17,65,0.207,5,-5.97,96.5,4.4,104.2,-3.1,111.1,3.8,,K. Rambis (17-65),K. Love?(11.4)
2009,NBA,MIN,15,67,0.183,5,-9.06,96.1,3.4,101.7,-5.9,111.6,4,,K. Rambis (15-67),K. Love?(4.9)
2008,NBA,MIN,24,58,0.293,4,-4.74,91.6,-0.1,106.1,-2.2,111.4,3.1,,R. Wittman (4-15) K. McHale (20-43),K. Love?(5.3)
2007,NBA,MIN,22,60,0.268,4,-6.26,91.9,-0.5,103.8,-3.7,111.2,3.7,,R. Wittman (22-60),A. Jefferson?(7.7)
2006,NBA,MIN,32,50,0.39,4,-3.16,91,-0.9,103.9,-2.6,107.9,1.4,,D. Casey (20-20) R. Wittman (12-30),K. Garnett?(10.7)
2005,NBA,MIN,33,49,0.402,4,-1.75,88.8,-1.7,102.4,-3.8,104.5,-1.7,,D. Casey (33-49),K. Garnett?(14.9)
2004,NBA,MIN,44,38,0.537,3,1.73,89.1,-1.8,108.2,2.1,106.6,0.5,,F. Saunders (25-26) K. McHale (19-12),K. Garnett?(16.1)
2003,NBA,MIN,58,24,0.707,1,5.86,89,-1.1,105.9,3,99.7,-3.2,Lost W. Conf. Finals,F. Saunders (58-24),K. Garnett?(18.3)
2002,NBA,MIN,51,31,0.622,3,2.46,91.9,0.9,106.1,2.5,103.8,0.2,Lost W. Conf. 1st Rnd.,F. Saunders (51-31),K. Garnett?(15.6)
2001,NBA,MIN,50,32,0.61,3,3.58,90.5,-0.2,109,4.5,105.3,0.8,Lost W. Conf. 1st Rnd.,F. Saunders (50-32),K. Garnett?(12.8)
2000,NBA,MIN,47,35,0.573,4,1.81,91.8,0.5,105.2,2.2,103.7,0.7,Lost W. Conf. 1st Rnd.,F. Saunders (47-35),K. Garnett?(11.8)
1999,NBA,MIN,50,32,0.61,3,2.67,91.8,-1.3,106.1,2,103.4,-0.7,Lost W. Conf. 1st Rnd.,F. Saunders (50-32),K. Garnett?(11.6)
1998,NBA,MIN,25,25,0.5,4,-0.17,91,2.1,101.9,-0.3,101.5,-0.7,Lost W. Conf. 1st Rnd.,F. Saunders (25-25),K. Garnett?(5.4)
1997,NBA,MIN,45,37,0.549,3,0.17,92.6,2.3,107.8,2.8,107.1,2.1,Lost W. Conf. 1st Rnd.,F. Saunders (45-37),K. Garnett?(9.6)
1996,NBA,MIN,40,42,0.488,3,-1.82,90.7,0.6,105.5,-1.2,107.1,0.4,Lost W. Conf. 1st Rnd.,F. Saunders (40-42),K. Garnett?(7.3)
1995,NBA,MIN,26,56,0.317,5,-5.14,93.5,1.7,104.1,-3.5,109.8,2.2,,B. Blair (6-14) F. Saunders (20-42),T. Gugliotta?(5.3)
1994,NBA,MIN,21,61,0.256,6,-8.22,91.4,-1.5,102.6,-5.7,112.4,4.1,,B. Blair (21-61),C. Laettner?(6.2)
1993,NBA,MIN,20,62,0.244,5,-6.55,94.7,-0.4,101.9,-4.4,109.2,2.9,,S. Lowe (20-62),M. Williams?(5.6)
1992,NBA,MIN,19,63,0.232,5,-7.62,93.8,-3,103.6,-4.4,111.8,3.8,,J. Rodgers (6-23) S. Lowe (13-40),M. Williams?(7.6)
1991,NBA,MIN,15,67,0.183,6,-6.85,95.1,-1.5,105,-3.2,112.4,4.2,,J. Rodgers (15-67),D. West?(4.6)
1990,NBA,MIN,29,53,0.354,5,-3.75,92.3,-5.5,106.7,-1.2,110.9,3,,B. Musselman (29-53),P. Richardson?(5.9)
1989,NBA,MIN,22,60,0.268,6,-3.6,91.1,-7.2,103.6,-4.5,108.2,0.1,,B. Musselman (22-60),T. Corbin?(6.8)
2017,NBA,OKC,20,16,0.556,2,3.38,94.9,-2.2,107.6,-0.2,104.3,-3.5,,B. Donovan (20-16),S. Adams?(4.5)
2016,NBA,OKC,47,35,0.573,2,1.14,97.8,1.4,108.3,-0.5,107.5,-1.3,Lost W. Conf. 1st Rnd.,B. Donovan (47-35),R. Westbrook?(13.1)
2015,NBA,OKC,55,27,0.671,1,7.09,96.7,0.9,113.1,6.7,105.6,-0.8,Lost W. Conf. Finals,B. Donovan (55-27),K. Durant?(14.5)
2014,NBA,OKC,45,37,0.549,2,2.47,95.7,1.8,107.8,2.2,105.5,-0.1,,S. Brooks (45-37),R. Westbrook?(10.6)
2013,NBA,OKC,59,23,0.72,1,6.66,95.4,1.5,110.5,3.8,103.9,-2.8,Lost W. Conf. Finals,S. Brooks (59-23),K. Durant?(19.2)
2012,NBA,OKC,60,22,0.732,1,9.15,93.3,1.3,112.4,6.5,102.6,-3.3,Lost W. Conf. Semis,S. Brooks (60-22),K. Durant?(18.9)
2011,NBA,OKC,47,19,0.712,1,6.44,93,1.7,109.8,5.2,103.2,-1.4,Lost Finals,S. Brooks (47-19),K. Durant?(12.2)
2010,NBA,OKC,55,27,0.671,1,3.81,92.7,0.6,111.2,3.9,107.2,-0.1,Lost W. Conf. Finals,S. Brooks (55-27),K. Durant?(12.0)
2009,NBA,OKC,50,32,0.61,4,3.55,93.1,0.4,108.3,0.7,104.6,-3,Lost W. Conf. 1st Rnd.,S. Brooks (50-32),K. Durant?(16.1)
2008,NBA,OKC,23,59,0.28,5,-6.04,93.6,1.9,102.9,-5.4,109.4,1.1,,P. Carlesimo (1-12) S. Brooks (22-47),K. Durant?(7.9)
2007,NBA,SEA,20,62,0.244,5,-8.04,96.3,3.9,100.5,-7,109.5,2,,P. Carlesimo (20-62),N. Collison?(4.5)
2006,NBA,SEA,31,51,0.378,5,-2.45,91.8,-0.1,107.2,0.7,110.3,3.8,,B. Hill (31-51),R. Lewis?(7.6)
2005,NBA,SEA,35,47,0.427,3,-2.88,91.6,1.1,111.1,4.9,114.4,8.2,,B. Weiss (13-17) B. Hill (22-30),R. Allen?(9.5)
2004,NBA,SEA,52,30,0.634,1,2.59,87.9,-3,112.2,6.1,109.6,3.5,Lost W. Conf. Semis,N. McMillan (52-30),R. Allen?(10.7)
2003,NBA,SEA,37,45,0.451,5,0.02,89.9,-0.2,107.3,4.4,108,5.1,,N. McMillan (37-45),R. Allen?(6.9)
2002,NBA,SEA,40,42,0.488,5,0.37,88,-3,103.7,0.1,103.9,0.3,,N. McMillan (40-42),R. Lewis?(7.8)
2001,NBA,SEA,45,37,0.549,4,3.24,89,-1.7,108.9,4.4,105.6,1.1,Lost W. Conf. 1st Rnd.,N. McMillan (45-37),G. Payton?(12.6)
2000,NBA,SEA,44,38,0.537,5,0.55,91.6,0.3,105.6,2.6,105.6,2.6,,P. Westphal (6-9) N. McMillan (38-29),G. Payton?(10.8)
1999,NBA,SEA,45,37,0.549,4,1.17,93.4,0.3,105.6,1.5,104.6,0.5,Lost W. Conf. 1st Rnd.,P. Westphal (45-37),G. Payton?(13.9)
1998,NBA,SEA,25,25,0.5,5,-1.43,89.6,0.7,105,2.8,106.2,4,,P. Westphal (25-25),G. Payton?(7.2)
1997,NBA,SEA,61,21,0.744,1,6.33,89.8,-0.5,111.6,6.6,103.6,-1.4,Lost W. Conf. Semis,G. Karl (61-21),G. Payton?(12.5)
1996,NBA,SEA,57,25,0.695,1,6.91,90.3,0.2,111.2,4.5,102.7,-4,Lost W. Conf. Semis,G. Karl (57-25),G. Payton?(12.9)
1995,NBA,SEA,64,18,0.78,1,7.4,93.8,2,110.3,2.7,102.1,-5.5,Lost Finals,G. Karl (64-18),G. Payton?(11.5)
1994,NBA,SEA,57,25,0.695,2,7.91,95.5,2.6,114.8,6.5,106.3,-2,Lost W. Conf. 1st Rnd.,G. Karl (57-25),D. Schrempf?(12.9)
1993,NBA,SEA,63,19,0.768,1,8.68,95.1,0,111.1,4.8,101.5,-4.8,Lost W. Conf. 1st Rnd.,G. Karl (63-19),S. Kemp?(11.7)
1992,NBA,SEA,55,27,0.671,2,6.66,96,-0.8,112.3,4.3,104.9,-3.1,Lost W. Conf. Finals,G. Karl (55-27),S. Kemp?(9.1)
1991,NBA,SEA,47,35,0.573,4,1.86,95.4,-1.2,110.7,2.5,108.8,0.6,Lost W. Conf. Semis,K. Jones (18-18) B. Kloppenburg (2-2) G. Karl (27-15),R. Pierce?(7.8)
1990,NBA,SEA,41,41,0.5,5,1.31,96.2,-1.6,109.7,1.8,108.5,0.6,Lost W. Conf. 1st Rnd.,K. Jones (41-41),D. McKey?(6.4)
1989,NBA,SEA,41,41,0.5,4,1.4,95.3,-3,110.9,2.8,109.8,1.7,,B. Bickerstaff (41-41),M. Cage?(6.8)
1988,NBA,SEA,47,35,0.573,3,2.44,100.1,-0.5,111.5,3.7,108.6,0.8,Lost W. Conf. Semis,B. Bickerstaff (47-35),D. Ellis?(10.8)
1987,NBA,SEA,44,38,0.537,3,1.29,100.2,0.6,110.2,2.2,108.1,0.1,Lost W. Conf. 1st Rnd.,B. Bickerstaff (44-38),D. Ellis?(9.0)
1986,NBA,SEA,39,43,0.476,4,0.08,101.8,1,110.7,2.4,110.3,2,Lost W. Conf. Finals,B. Bickerstaff (39-43),D. Ellis?(9.3)
1985,NBA,SEA,31,51,0.378,5,-0.47,97.4,-4.7,105.9,-1.3,106,-1.2,,B. Bickerstaff (31-51),J. Sikma?(7.8)
1984,NBA,SEA,31,51,0.378,4,-5.44,99.3,-2.8,102.8,-5.1,108.2,0.3,,L. Wilkens (31-51),J. Sikma?(8.3)
1983,NBA,SEA,42,40,0.512,3,-0.34,99.7,-1.7,107.9,0.3,108.1,0.5,Lost W. Conf. 1st Rnd.,L. Wilkens (42-40),J. Sikma?(9.7)
1982,NBA,SEA,48,34,0.585,3,2.88,103.2,0.1,105.9,1.2,102.8,-1.9,Lost W. Conf. 1st Rnd.,L. Wilkens (48-34),J. Sikma?(9.8)
1981,NBA,SEA,52,30,0.634,2,3.69,100,-0.9,106.4,-0.5,102.3,-4.6,Lost W. Conf. Semis,L. Wilkens (52-30),J. Sikma?(12.6)
1980,NBA,SEA,34,48,0.415,6,-1.84,100.3,-1.5,103.2,-2.3,104.8,-0.7,,L. Wilkens (34-48),J. Sikma?(8.0)
1979,NBA,SEA,56,26,0.683,2,4.24,101.8,-1.3,105.8,0.5,101.2,-4.1,Lost W. Conf. Finals,L. Wilkens (56-26),G. Williams?(11.6)
1978,NBA,SEA,52,30,0.634,1,2.69,103.4,-2.4,102.7,-1.1,100.1,-3.7,Won Finals,L. Wilkens (52-30),J. Sikma?(8.8)
1977,NBA,SEA,47,35,0.573,3,1.48,104.8,-1.9,99.2,-1.7,97.7,-3.2,Lost Finals,B. Hopkins (5-17) L. Wilkens (42-18),M. Webster?(8.7)
1976,NBA,SEA,40,42,0.488,4,-1.43,106.8,0.3,96.7,-2.8,98.2,-1.3,,B. Russell (40-42),F. Brown?(6.1)
1975,NBA,SEA,43,39,0.524,2,-0.15,107.7,2.2,98.3,0,98.6,0.3,Lost W. Conf. Semis,B. Russell (43-39),F. Brown?(8.8)
1974,NBA,SEA,43,39,0.524,2,-1.19,105.5,1,96.7,-1,97.7,0,Lost W. Conf. Semis,B. Russell (43-39),F. Brown?(7.9)
1973,NBA,SEA,36,46,0.439,3,-2.29,110.2,2.4,96.8,-0.9,99.1,1.4,,B. Russell (36-46),S. Haywood?(9.7)
1972,NBA,SEA,26,56,0.317,4,-5.33,110,-0.7,93.8,-3,99.1,2.3,,T. Nissalke (13-32) B. Buckwalter (13-24),S. Haywood?(10.2)
1971,NBA,SEA,47,35,0.573,3,0.86,110.5,-1.5,98.5,0.6,98.1,0.2,,L. Wilkens (47-35),L. Wilkens?(9.6)
1970,NBA,SEA,38,44,0.463,4,-1.53,116.5,1.4,98.4,1.2,100.1,2.9,,L. Wilkens (38-44),D. Snyder?(10.0)
1969,NBA,SEA,36,46,0.439,5,-2.43,116.4,-0.7,100,1,102.1,3.1,,L. Wilkens (36-46),D. Snyder?(6.0)
1968,NBA,SEA,30,52,0.366,6,-4.68,117.4,0.5,94.7,-0.8,98.8,3.3,,A. Bianchi (30-52),L. Wilkens?(9.0)
1967,NBA,SEA,23,59,0.28,5,-6,123.9,4.1,95.4,-1.4,100.6,3.8,,A. Bianchi (23-59),B. Rule?(6.4)
2017,NBA,DEN,19,16,0.543,3,1.53,96.3,-0.8,110.5,2.7,108.9,1.1,,M. Malone (19-16),N. Jokic?(3.8)
2016,NBA,DEN,40,42,0.488,4,0.7,98.3,1.9,113.2,4.4,112.7,3.9,,M. Malone (40-42),N. Jokic?(9.7)
2015,NBA,DEN,33,49,0.402,4,-2.81,95.7,-0.1,105.6,-0.8,108.9,2.5,,M. Malone (33-49),N. Jokic?(6.7)
2014,NBA,DEN,30,52,0.366,4,-3.07,96.1,2.2,104.5,-1.1,108.2,2.6,,B. Shaw (20-39) M. Hunt (10-13),T. Lawson?(7.0)
2013,NBA,DEN,36,46,0.439,4,-1.4,98.1,4.2,106,-0.7,108.2,1.5,,B. Shaw (36-46),K. Faried?(6.5)
2012,NBA,DEN,57,25,0.695,2,5.37,95.1,3.1,110.4,4.5,105.1,-0.8,Lost W. Conf. 1st Rnd.,G. Karl (57-25),K. Faried?(7.8)
2011,NBA,DEN,38,28,0.576,2,3.16,94.2,2.9,109.2,4.6,106.2,1.6,Lost W. Conf. 1st Rnd.,G. Karl (38-28),T. Lawson?(6.9)
2010,NBA,DEN,50,32,0.61,2,4.81,95.6,3.5,112.3,5,107.3,0,Lost W. Conf. 1st Rnd.,G. Karl (50-32),N. Hilario?(9.6)
2009,NBA,DEN,53,29,0.646,1,4.15,94.8,2.1,111.8,4.2,107.5,-0.1,Lost W. Conf. 1st Rnd.,G. Karl (53-29),N. Hilario?(10.8)
2008,NBA,DEN,54,28,0.659,1,3.13,94.3,2.6,110.4,2.1,106.8,-1.5,Lost W. Conf. Finals,G. Karl (54-28),C. Billups?(9.9)
2007,NBA,DEN,50,32,0.61,2,3.74,99.7,7.3,110,2.5,106.3,-1.2,Lost W. Conf. 1st Rnd.,G. Karl (50-32),A. Iverson?(11.6)
2006,NBA,DEN,45,37,0.549,2,1.69,97.4,5.5,107.6,1.1,105.9,-0.6,Lost W. Conf. 1st Rnd.,G. Karl (45-37),M. Camby?(7.6)
2005,NBA,DEN,44,38,0.537,1,0.36,93.9,3.4,105.5,-0.7,105.2,-1,Lost W. Conf. 1st Rnd.,G. Karl (44-38),C. Anthony?(9.4)
2004,NBA,DEN,49,33,0.598,2,2.23,93.5,2.6,106,-0.1,103.9,-2.2,Lost W. Conf. 1st Rnd.,J. Bzdelik (13-15) M. Cooper (4-10) G. Karl (32-8),A. Miller?(7.0)
2003,NBA,DEN,43,39,0.524,6,1.65,93.3,3.2,103.9,1,102.7,-0.2,Lost W. Conf. 1st Rnd.,J. Bzdelik (43-39),A. Miller?(8.8)
2002,NBA,DEN,17,65,0.207,7,-7.41,91,0,92.2,-11.4,101.3,-2.3,,J. Bzdelik (17-65),J. Howard?(6.0)
2001,NBA,DEN,27,55,0.329,6,-5.19,90.4,-0.3,101.4,-3.1,107.8,3.3,,D. Issel (9-17) M. Evans (18-38),R. LaFrentz?(4.5)
2000,NBA,DEN,40,42,0.488,6,-1.83,92.6,1.3,103.7,0.7,106.3,3.3,,D. Issel (40-42),A. McDyess?(7.8)
1999,NBA,DEN,35,47,0.427,5,-1.76,94.7,1.6,103.5,-0.6,105.8,1.7,,D. Issel (35-47),A. McDyess?(6.2)
1998,NBA,DEN,14,36,0.28,6,-6.67,90.5,1.6,103.1,0.9,110.4,8.2,,M. D'Antoni (14-36),D. Fortson?(4.4)
1997,NBA,DEN,11,71,0.134,7,-11.74,89.7,-0.6,99,-6,112.1,7.1,,B. Hanzlik (11-71),A. Goldwire?(3.0)
1996,NBA,DEN,21,61,0.256,5,-6.4,92.4,2.3,104.5,-2.2,111.2,4.5,,B. Bickerstaff (4-9) D. Motta (17-52),E. Johnson?(5.2)
1995,NBA,DEN,35,47,0.427,4,-2.62,92.2,0.4,105.2,-2.4,108.1,0.5,,B. Bickerstaff (35-47),D. Mutombo?(7.6)
1994,NBA,DEN,41,41,0.5,4,0.96,91.5,-1.4,109.1,0.8,108.2,-0.1,Lost W. Conf. 1st Rnd.,D. Issel (18-16) G. Littles (3-13) B. Bickerstaff (20-12),D. Mutombo?(8.7)
1993,NBA,DEN,42,40,0.512,4,1.54,96.1,1,103.9,-2.4,102.3,-4,Lost W. Conf. Semis,D. Issel (42-40),D. Mutombo?(9.4)
1992,NBA,DEN,36,46,0.439,4,-2.14,99.8,3,104.6,-3.4,106.3,-1.7,,D. Issel (36-46),D. Mutombo?(8.8)
1991,NBA,DEN,24,58,0.293,4,-7.59,98.6,2,100.7,-7.5,108.6,0.4,,P. Westhead (24-58),R. Williams?(6.6)
1990,NBA,DEN,20,62,0.244,7,-10.31,113.7,15.9,105.2,-2.7,114.7,6.8,,P. Westhead (20-62),M. Adams?(6.3)
1989,NBA,DEN,43,39,0.524,4,1.56,105.4,7.1,108,-0.1,106.7,-1.4,Lost W. Conf. 1st Rnd.,D. Moe (43-39),F. Lever?(8.8)
1988,NBA,DEN,44,38,0.537,3,0.91,107.5,6.9,108.6,0.8,107.1,-0.7,Lost W. Conf. 1st Rnd.,D. Moe (44-38),F. Lever?(9.2)
1987,NBA,DEN,54,28,0.659,1,3.32,105.5,5.9,110.1,2.1,106.3,-1.7,Lost W. Conf. Semis,D. Moe (54-28),F. Lever?(10.4)
1986,NBA,DEN,37,45,0.451,4,-1.14,106.2,5.4,109.3,1,110.2,1.9,Lost W. Conf. 1st Rnd.,D. Moe (37-45),F. Lever?(9.7)
1985,NBA,DEN,47,35,0.573,2,0.89,106.7,4.6,107.1,-0.1,105.9,-1.3,Lost W. Conf. Semis,D. Moe (47-35),A. English?(9.8)
1984,NBA,DEN,52,30,0.634,1,2.05,107.6,5.5,110.7,2.8,108.4,0.5,Lost W. Conf. Finals,D. Moe (52-30),C. Natt?(10.2)
1983,NBA,DEN,38,44,0.463,3,-1.27,110.5,9.1,111.3,3.7,112.3,4.7,Lost W. Conf. 1st Rnd.,D. Moe (38-44),K. Vandeweghe?(10.3)
1982,NBA,DEN,45,37,0.549,2,0.27,112.1,9,109.7,5,109.1,4.4,Lost W. Conf. Semis,D. Moe (45-37),K. Vandeweghe?(11.0)
1981,NBA,DEN,46,36,0.561,2,0.13,109.8,8.9,114.3,7.4,113.9,7,Lost W. Conf. 1st Rnd.,D. Moe (46-36),D. Issel?(9.8)
1980,NBA,DEN,37,45,0.451,4,-0.95,109.8,8,109.4,3.9,109.8,4.3,,D. Walsh (11-20) D. Moe (26-25),D. Issel?(10.5)
1979,NBA,DEN,30,52,0.366,3,-4.22,103.9,0.8,103.4,-1.9,107.6,2.3,,D. Walsh (30-52),D. Issel?(11.5)
1978,NBA,DEN,47,35,0.573,2,1.24,105.9,0.1,104.4,0.6,103.2,-0.6,Lost W. Conf. 1st Rnd.,L. Brown (28-25) D. Walsh (19-10),D. Issel?(9.8)
1977,NBA,DEN,48,34,0.585,1,0.8,108.5,1.8,102.3,1.4,101.5,0.6,Lost W. Conf. Finals,L. Brown (48-34),D. Thompson?(12.7)
1976,NBA,DEN,50,32,0.61,1,4.95,111.2,4.7,100.7,1.2,96.1,-3.4,Lost W. Conf. Semis,L. Brown (50-32),B. Jones?(11.0)
1975,ABA,DEN,60,24,0.714,1,5.45,111.2,4.3,108.7,4.6,103.4,-0.7,Lost Finals,L. Brown (60-24),D. Issel?(12.5)
1974,ABA,DEN,65,19,0.774,1,6.63,107.6,4.5,109.4,4.7,102.7,-2,Lost W. Div. Finals,L. Brown (65-19),B. Jones?(10.2)
1973,ABA,DEN,37,47,0.44,5,-0.49,103.2,0.6,103.1,0.1,103.5,0.5,Lost W. Div. Tiebreaker,A. Hannum (37-47),D. Robisch?(9.1)
1972,ABA,DEN,47,37,0.56,3,2.8,106.8,-2.5,103.1,1.3,100.1,-1.7,Lost W. Div. Semis,A. Hannum (47-37),W. Jabali?(10.7)
1971,ABA,DEN,34,50,0.405,4,-0.93,112.8,0.9,98.4,-2.2,99.5,-1.1,Lost W. Div. Semis,A. Hannum (34-50),R. Simpson?(7.2)
1970,ABA,DEN,30,54,0.357,5,-3.15,113.9,2.8,102.8,-2.2,106.3,1.3,Lost W. Div. Tiebreaker,J. Belmont (3-10) S. Albeck (27-44),L. Cannon?(7.2)
1969,ABA,DEN,51,33,0.607,1,4.32,107.6,-1.6,106.2,3.5,102.2,-0.5,Lost W. Div. Finals,J. McLendon (9-19) J. Belmont (42-14),S. Haywood?(17.1)
1968,ABA,DEN,44,34,0.564,3,1.41,106.9,-2.5,106.4,2.4,105,1,Lost W. Div. Semis,B. Bass (44-34),L. Jones?(10.9)
1967,ABA,DEN,45,33,0.577,3,3.53,103,-4,102,0.7,97.9,-3.4,Lost W. Div. Semis,B. Bass (45-33),L. Jones?(11.8)
2017,NBA,POR,18,16,0.529,4,0.79,96.6,-0.5,105.3,-2.5,103.8,-4,,T. Stotts (18-16),D. Lillard?(4.6)
2016,NBA,POR,41,41,0.5,3,-0.23,96.7,0.3,110.3,1.5,110.8,2,Lost W. Conf. 1st Rnd.,T. Stotts (41-41),D. Lillard?(10.4)
2015,NBA,POR,44,38,0.537,2,0.98,96,0.2,108.8,2.4,108,1.6,Lost W. Conf. Semis,T. Stotts (44-38),D. Lillard?(9.2)
2014,NBA,POR,51,31,0.622,1,4.41,94.2,0.3,108.2,2.6,103.7,-1.9,Lost W. Conf. 1st Rnd.,T. Stotts (51-31),D. Lillard?(10.6)
2013,NBA,POR,54,28,0.659,2,4.44,94.9,1,111.5,4.8,107.4,0.7,Lost W. Conf. Semis,T. Stotts (54-28),D. Lillard?(9.6)
2012,NBA,POR,33,49,0.402,4,-2.53,91.4,-0.6,105.8,-0.1,109.2,3.3,,T. Stotts (33-49),L. Aldridge?(7.2)
2011,NBA,POR,28,38,0.424,4,-0.22,91.2,-0.1,105.7,1.1,106.4,1.8,,N. McMillan (20-23) K. Canales (8-15),L. Aldridge?(7.0)
2010,NBA,POR,48,34,0.585,3,1.85,87.9,-4.2,108.8,1.5,107.1,-0.2,Lost W. Conf. 1st Rnd.,N. McMillan (48-34),L. Aldridge?(11.1)
2009,NBA,POR,50,32,0.61,3,3.18,87.7,-5,110.8,3.2,107.1,-0.5,Lost W. Conf. 1st Rnd.,N. McMillan (50-32),B. Roy?(9.1)
2008,NBA,POR,54,28,0.659,2,5,86.6,-5.1,113.9,5.6,107.8,-0.5,Lost W. Conf. 1st Rnd.,N. McMillan (54-28),B. Roy?(13.5)
2007,NBA,POR,41,41,0.5,3,-0.52,87.9,-4.5,107.3,-0.2,108.4,0.9,,N. McMillan (41-41),B. Roy?(8.0)
2006,NBA,POR,32,50,0.39,3,-3.78,88.3,-3.6,105.1,-1.4,109.9,3.4,,N. McMillan (32-50),Z. Randolph?(5.7)
2005,NBA,POR,21,61,0.256,5,-8.91,87.6,-2.9,101.1,-5.1,111.9,5.7,,N. McMillan (21-61),S. Blake?(2.8)
2004,NBA,POR,27,55,0.329,4,-3.45,89.8,-1.1,103.2,-2.9,107.7,1.6,,M. Cheeks (22-33) K. Pritchard (5-22),D. Stoudamire?(5.7)
2003,NBA,POR,41,41,0.5,3,-0.58,86.2,-3.9,103.7,0.8,105.1,2.2,,M. Cheeks (41-41),Z. Randolph?(7.1)
2002,NBA,POR,50,32,0.61,3,2.97,89.4,-1.6,105.5,1.9,102.6,-1,Lost W. Conf. 1st Rnd.,M. Cheeks (50-32),R. Wallace?(8.5)
2001,NBA,POR,49,33,0.598,3,3.21,89.3,-1.4,107.4,2.9,104,-0.5,Lost W. Conf. 1st Rnd.,M. Cheeks (49-33),R. Wallace?(9.7)
2000,NBA,POR,50,32,0.61,4,4.52,89.1,-2.2,106.5,3.5,101.8,-1.2,Lost W. Conf. 1st Rnd.,M. Dunleavy (50-32),R. Wallace?(11.0)
1999,NBA,POR,59,23,0.72,2,6.36,89.9,-3.2,107.9,3.8,100.8,-3.3,Lost W. Conf. Finals,M. Dunleavy (59-23),S. Smith?(10.4)
1998,NBA,POR,35,15,0.7,1,5.67,89.2,0.3,104.8,2.6,97.7,-4.5,Lost W. Conf. Finals,M. Dunleavy (35-15),B. Grant?(5.9)
1997,NBA,POR,46,36,0.561,4,0.83,90,-0.3,104,-1,102.4,-2.6,Lost W. Conf. 1st Rnd.,M. Dunleavy (46-36),A. Sabonis?(9.7)
1996,NBA,POR,49,33,0.598,3,3.56,90.9,0.8,107.9,1.2,103.3,-3.4,Lost W. Conf. 1st Rnd.,P. Carlesimo (49-33),K. Anderson?(12.4)
1995,NBA,POR,44,38,0.537,3,2.21,92.6,0.8,106,-1.6,103.5,-4.1,Lost W. Conf. 1st Rnd.,P. Carlesimo (44-38),A. Sabonis?(8.4)
1994,NBA,POR,44,38,0.537,4,3.8,93.8,0.9,109.7,1.4,105.7,-2.6,Lost W. Conf. 1st Rnd.,P. Carlesimo (44-38),C. Robinson?(8.7)
1993,NBA,POR,47,35,0.573,4,2.6,98.8,3.7,108.1,1.8,105.5,-0.8,Lost W. Conf. 1st Rnd.,R. Adelman (47-35),R. Strickland?(9.3)
1992,NBA,POR,51,31,0.622,3,2.92,99.1,2.3,108.3,0.3,105.2,-2.8,Lost W. Conf. 1st Rnd.,R. Adelman (51-31),T. Porter?(8.8)
1991,NBA,POR,57,25,0.695,1,6.94,99,2.4,111.4,3.2,104.2,-4,Lost Finals,R. Adelman (57-25),C. Drexler?(12.8)
1990,NBA,POR,63,19,0.768,1,8.47,100.5,2.7,112.8,4.9,104.3,-3.6,Lost W. Conf. Finals,R. Adelman (63-19),T. Porter?(13.0)
1989,NBA,POR,59,23,0.72,2,6.48,102.3,4,110.5,2.4,104.4,-3.7,Lost Finals,R. Adelman (59-23),T. Porter?(11.7)
1988,NBA,POR,39,43,0.476,5,0.92,103.9,3.3,109.4,1.6,108,0.2,Lost W. Conf. 1st Rnd.,M. Schuler (25-22) R. Adelman (14-21),C. Drexler?(12.6)
1987,NBA,POR,53,29,0.646,2,3.59,103.6,4,111.8,3.8,107.4,-0.6,Lost W. Conf. 1st Rnd.,M. Schuler (53-29),C. Drexler?(13.2)
1986,NBA,POR,49,33,0.598,2,2.57,105,4.2,111.5,3.2,108.6,0.3,Lost W. Conf. 1st Rnd.,M. Schuler (49-33),K. Vandeweghe?(10.8)
1985,NBA,POR,40,42,0.488,2,0.61,104.5,2.4,109.2,2,108.2,1,Lost W. Conf. 1st Rnd.,J. Ramsay (40-42),K. Vandeweghe?(9.9)
1984,NBA,POR,42,40,0.512,2,2.8,103.5,1.4,110.4,2.5,107.2,-0.7,Lost W. Conf. Semis,J. Ramsay (42-40),K. Vandeweghe?(8.4)
1983,NBA,POR,48,34,0.585,2,3.13,101.1,-0.3,111.2,3.6,107.7,0.1,Lost W. Conf. 1st Rnd.,J. Ramsay (48-34),J. Paxson?(9.5)
1982,NBA,POR,46,36,0.561,4,1.88,101,-2.1,106,1.3,103.9,-0.8,Lost W. Conf. Semis,J. Ramsay (46-36),J. Paxson?(10.2)
1981,NBA,POR,42,40,0.512,5,0.39,100.5,-0.4,108.8,1.9,108.2,1.3,,J. Ramsay (42-40),C. Natt?(9.3)
1980,NBA,POR,45,37,0.549,3,0.52,103,1.2,106.5,1,105.7,0.2,Lost W. Conf. 1st Rnd.,J. Ramsay (45-37),J. Paxson?(7.7)
1979,NBA,POR,38,44,0.463,4,-0.87,98.6,-4.5,103.4,-1.9,104.3,-1,Lost W. Conf. 1st Rnd.,J. Ramsay (38-44),K. Washington?(9.1)
1978,NBA,POR,45,37,0.549,4,1.12,103.4,-2.4,104.3,0.5,103.1,-0.7,Lost W. Conf. 1st Rnd.,J. Ramsay (45-37),T. Owens?(10.4)
1977,NBA,POR,58,24,0.707,1,5.92,104.2,-2.5,103.1,2.2,97.2,-3.7,Lost W. Conf. Semis,J. Ramsay (58-24),B. Walton?(8.4)
1976,NBA,POR,49,33,0.598,2,5.39,108,1.5,103.2,3.7,98,-1.5,Won Finals,J. Ramsay (49-33),B. Walton?(10.2)
1975,NBA,POR,37,45,0.451,5,-1.11,107.7,2.2,96.4,-1.9,97.6,-0.7,,L. Wilkens (37-45),S. Wicks?(7.1)
1974,NBA,POR,38,44,0.463,3,0.27,104.7,0.2,98.1,0.4,97.7,0,,L. Wilkens (38-44),S. Wicks?(9.7)
1973,NBA,POR,27,55,0.329,5,-4.3,108.5,0.7,98.2,0.5,102.6,4.9,,J. McCloskey (27-55),S. Wicks?(5.6)
1972,NBA,POR,21,61,0.256,5,-5.67,110.4,-0.3,95.9,-0.9,101.5,4.7,,J. McCloskey (21-61),S. Wicks?(5.6)
1971,NBA,POR,18,64,0.22,5,-8.84,112.3,0.3,94.5,-3.4,103.1,5.2,,R. Todd (12-44) S. Inman (6-20),D. Schlueter?(6.3)
1970,NBA,POR,29,53,0.354,5,-6.2,120.6,5.5,95.4,-1.8,99.1,1.9,,R. Todd (29-53),G. Petrie?(6.2)
2017,NBA,UTA,15,21,0.417,5,0.53,94.9,-2.2,106.3,-1.5,106.8,-1,,Q. Snyder (15-21),D. Favors?(3.0)
2016,NBA,UTA,51,31,0.622,1,4,91.6,-4.8,109.6,0.8,105.3,-3.5,Lost W. Conf. Semis,Q. Snyder (51-31),R. Gobert?(14.3)
2015,NBA,UTA,40,42,0.488,3,1.84,91,-4.8,105.9,-0.5,103.9,-2.5,,Q. Snyder (40-42),G. Hayward?(8.9)
2014,NBA,UTA,38,44,0.463,3,0.71,90.4,-3.5,105.1,-0.5,104.9,-0.7,,Q. Snyder (38-44),R. Gobert?(9.3)
2013,NBA,UTA,25,57,0.305,5,-6.27,91.4,-2.5,103.5,-3.2,111.3,4.6,,T. Corbin (25-57),D. Favors?(5.1)
2012,NBA,UTA,43,39,0.524,3,0.3,90.9,-1.1,106.7,0.8,106.8,0.9,,T. Corbin (43-39),A. Jefferson?(7.7)
2011,NBA,UTA,36,30,0.545,3,0.92,91.4,0.1,106.8,2.2,106.1,1.5,Lost W. Conf. 1st Rnd.,T. Corbin (36-30),P. Millsap?(7.8)
2010,NBA,UTA,39,43,0.476,4,-1.44,91,-1.1,108.1,0.8,110.1,2.8,,J. Sloan (31-23) T. Corbin (8-20),A. Jefferson?(7.8)
2009,NBA,UTA,53,29,0.646,2,5.33,93.8,1.1,110.7,3.1,105,-2.6,Lost W. Conf. Semis,J. Sloan (53-29),D. Williams?(10.3)
2008,NBA,UTA,48,34,0.585,3,2.31,93.1,1.4,110.1,1.8,107.3,-1,Lost W. Conf. 1st Rnd.,J. Sloan (48-34),D. Williams?(8.4)
2007,NBA,UTA,54,28,0.659,1,6.86,93.2,0.8,113.8,6.3,106.5,-1,Lost W. Conf. Semis,J. Sloan (54-28),D. Williams?(11.3)
2006,NBA,UTA,51,31,0.622,1,3.06,91.6,-0.3,110.1,3.6,107,0.5,Lost W. Conf. Finals,J. Sloan (51-31),C. Boozer?(9.9)
2005,NBA,UTA,41,41,0.5,2,-2.49,87.8,-2.7,104.1,-2.1,107,0.8,,J. Sloan (41-41),M. Okur?(9.3)
2004,NBA,UTA,26,56,0.317,5,-3.74,88.4,-2.5,104.7,-1.4,109.5,3.4,,J. Sloan (26-56),M. Okur?(7.0)
2003,NBA,UTA,42,40,0.512,7,-0.53,86.6,-3.5,101.9,-1,103.3,0.4,,J. Sloan (42-40),A. Kirilenko?(11.6)
2002,NBA,UTA,47,35,0.573,4,2.76,89.3,-1.7,105.5,1.9,102.8,-0.8,Lost W. Conf. 1st Rnd.,J. Sloan (47-35),K. Malone?(11.1)
2001,NBA,UTA,44,38,0.537,4,1.21,90.3,-0.4,105.6,1.1,104.6,0.1,Lost W. Conf. 1st Rnd.,J. Sloan (44-38),J. Stockton?(10.7)
2000,NBA,UTA,53,29,0.646,2,5,89.8,-1.5,107.6,4.6,102.4,-0.6,Lost W. Conf. 1st Rnd.,J. Sloan (53-29),K. Malone?(13.1)
1999,NBA,UTA,55,27,0.671,1,4.52,89.6,-3.5,107.3,3.2,102.3,-1.8,Lost W. Conf. Semis,J. Sloan (55-27),K. Malone?(15.3)
1998,NBA,UTA,37,13,0.74,2,5.54,87,-1.9,105.8,3.6,98.4,-3.8,Lost W. Conf. Semis,J. Sloan (37-13),K. Malone?(9.6)
1997,NBA,UTA,62,20,0.756,1,5.73,89.2,-1.1,112.7,7.7,105.4,0.4,Lost Finals,J. Sloan (62-20),K. Malone?(16.4)
1996,NBA,UTA,64,18,0.78,1,7.97,90,-0.1,113.6,6.9,104,-2.7,Lost Finals,J. Sloan (64-18),K. Malone?(16.7)
1995,NBA,UTA,55,27,0.671,2,6.25,90,-1.8,113.3,5.7,106.1,-1.5,Lost W. Conf. Finals,J. Sloan (55-27),K. Malone?(15.1)
1994,NBA,UTA,60,22,0.732,2,7.76,92.6,-0.3,114.3,6,105.7,-2.6,Lost W. Conf. 1st Rnd.,J. Sloan (60-22),J. Stockton?(13.9)
1993,NBA,UTA,53,29,0.646,3,4.1,93.1,-2,108.6,2.3,104.1,-2.2,Lost W. Conf. Finals,J. Sloan (53-29),K. Malone?(13.4)
1992,NBA,UTA,47,35,0.573,3,1.74,96.5,-0.3,109.6,1.6,107.4,-0.6,Lost W. Conf. 1st Rnd.,J. Sloan (47-35),K. Malone?(15.4)
1991,NBA,UTA,55,27,0.671,1,5.7,95.5,-1.1,112.2,4,105.6,-2.6,Lost W. Conf. Finals,J. Sloan (55-27),K. Malone?(15.1)
1990,NBA,UTA,54,28,0.659,2,3.18,95.3,-2.5,108.6,0.7,105.1,-2.8,Lost W. Conf. Semis,J. Sloan (54-28),K. Malone?(15.5)
1989,NBA,UTA,55,27,0.671,2,4.82,96.1,-2.2,110.3,2.2,105.4,-2.7,Lost W. Conf. 1st Rnd.,J. Sloan (55-27),K. Malone?(15.9)
1988,NBA,UTA,51,31,0.622,1,4.01,98,-2.6,106.6,-1.2,101.5,-6.3,Lost W. Conf. 1st Rnd.,F. Layden (11-6) J. Sloan (40-25),J. Stockton?(15.6)
1987,NBA,UTA,47,35,0.573,3,2.96,101.5,1.9,106.8,-1.2,103.1,-4.9,Lost W. Conf. Semis,F. Layden (47-35),J. Stockton?(14.1)
1986,NBA,UTA,44,38,0.537,2,0.04,103.2,2.4,104.1,-4.2,103.7,-4.6,Lost W. Conf. 1st Rnd.,F. Layden (44-38),K. Malone?(6.9)
1985,NBA,UTA,42,40,0.512,4,-0.67,103.3,1.2,104.2,-3,104.6,-2.6,Lost W. Conf. 1st Rnd.,F. Layden (42-40),A. Dantley?(12.8)
1984,NBA,UTA,41,41,0.5,4,-0.33,105.1,3,103.3,-4.6,103.4,-4.5,Lost W. Conf. Semis,F. Layden (41-41),A. Dantley?(8.0)
1983,NBA,UTA,45,37,0.549,1,0.81,104.9,3.5,109,1.4,108,0.4,Lost W. Conf. Semis,F. Layden (45-37),A. Dantley?(14.6)
1982,NBA,UTA,30,52,0.366,5,-4.22,107.3,4.2,101.2,-3.5,105.1,0.4,,F. Layden (30-52),R. Green?(6.6)
1981,NBA,UTA,25,57,0.305,6,-5.63,103.9,3,106.2,-0.7,111.7,4.8,,T. Nissalke (8-12) F. Layden (17-45),A. Dantley?(12.6)
1980,NBA,UTA,28,54,0.341,5,-5.99,97.7,-4.1,103.4,-2.1,109.4,3.9,,T. Nissalke (28-54),A. Dantley?(13.6)
1979,NBA,UTA,24,58,0.293,5,-5.71,97.6,-5.5,104.2,-1.1,110.4,5.1,,T. Nissalke (24-58),A. Dantley?(10.5)
1978,NBA,NOJ,26,56,0.317,6,-5.97,108.6,2.8,99.6,-4.2,105.4,1.6,,E. Baylor (26-56),R. Kelley?(8.6)
1977,NBA,NOJ,39,43,0.476,5,-1.8,108.3,1.6,98.9,-2,100.6,-0.3,,E. Baylor (39-43),T. Robinson?(6.5)
1976,NBA,NOJ,35,47,0.427,5,-2.68,107.2,0.7,97,-2.5,99.7,0.2,,B. Van Breda Kolff (14-12) E. Baylor (21-35),P. Maravich?(6.4)
1975,NBA,NOJ,38,44,0.463,4,-0.74,106.7,1.2,96.6,-1.7,97.4,-0.9,,B. Van Breda Kolff (38-44),P. Maravich?(7.1)
1974,NBA,NOJ,23,59,0.28,5,-7.3,109.4,4.9,92.5,-5.2,99.7,2,,S. Robertson (1-14) E. Baylor (0-1) B. Van Breda Kolff (22-44),P. Maravich?(3.9)
2017,NBA,CLE,24,11,0.686,1,1.74,96.5,-0.6,113.9,6.1,110.9,3.1,,T. Lue (24-11),L. James?(7.1)
2016,NBA,CLE,51,31,0.622,1,2.87,96.2,-0.2,113.6,4.8,110.3,1.5,Lost Finals,T. Lue (51-31),L. James?(12.9)
2015,NBA,CLE,57,25,0.695,1,5.45,93.3,-2.5,110.9,4.5,104.5,-1.9,Won Finals,D. Blatt (30-11) T. Lue (27-14),L. James?(13.6)
2014,NBA,CLE,53,29,0.646,1,4.08,92.3,-1.6,111.1,5.5,106.3,0.7,Lost Finals,D. Blatt (53-29),K. Irving?(10.4)
2013,NBA,CLE,33,49,0.402,3,-3.86,93.1,-0.8,104.2,-2.5,107.7,1,,M. Brown (33-49),K. Irving?(6.7)
2012,NBA,CLE,24,58,0.293,5,-4.87,92.3,0.3,104.3,-1.6,109.4,3.5,,B. Scott (24-58),K. Irving?(5.3)
2011,NBA,CLE,21,45,0.318,5,-7.34,91.3,0,101.1,-3.5,108.9,4.3,,B. Scott (21-45),K. Irving?(4.1)
2010,NBA,CLE,19,63,0.232,5,-8.88,93,0.9,102.2,-5.1,111.8,4.5,,B. Scott (19-63),R. Sessions?(4.4)
2009,NBA,CLE,61,21,0.744,1,6.17,91.4,-1.3,111.2,3.6,104.1,-3.5,Lost E. Conf. Semis,M. Brown (61-21),L. James?(18.5)
2008,NBA,CLE,66,16,0.805,1,8.68,88.7,-3,112.4,4.1,102.4,-5.9,Lost E. Conf. Finals,M. Brown (66-16),L. James?(20.3)
2007,NBA,CLE,45,37,0.549,2,-0.53,90.2,-2.2,106,-1.5,106.4,-1.1,Lost E. Conf. Semis,M. Brown (45-37),L. James?(15.2)
2006,NBA,CLE,50,32,0.61,2,3.33,90.8,-1.1,105.5,-1,101.3,-5.2,Lost Finals,M. Brown (50-32),L. James?(13.7)
2005,NBA,CLE,50,32,0.61,2,2.17,89.8,-0.7,107.8,1.6,105.4,-0.8,Lost E. Conf. Semis,M. Brown (50-32),L. James?(16.3)
2004,NBA,CLE,42,40,0.512,4,0.27,89.7,-1.2,106.6,0.5,105.7,-0.4,,P. Silas (34-30) B. Malone (8-10),L. James?(14.3)
2003,NBA,CLE,35,47,0.427,5,-3.07,90.8,0.7,101.4,-1.5,104.2,1.3,,P. Silas (35-47),C. Boozer?(9.4)
2002,NBA,CLE,17,65,0.207,8,-9.59,94,3,96.5,-7.1,106.7,3.1,,J. Lucas (8-34) K. Smart (9-31),C. Boozer?(5.9)
2001,NBA,CLE,29,53,0.354,7,-3.52,90.3,-0.4,104.6,0.1,108.2,3.7,,J. Lucas (29-53),A. Miller?(10.3)
2000,NBA,CLE,30,52,0.366,6,-4.48,91.2,-0.1,100.3,-2.7,104.9,1.9,,R. Wittman (30-52),C. Weatherspoon?(8.6)
1999,NBA,CLE,32,50,0.39,6,-3.64,95.7,2.6,100.4,-3.7,104,-0.1,,R. Wittman (32-50),A. Miller?(5.3)
1998,NBA,CLE,22,28,0.44,7,-0.94,86.4,-2.5,99.6,-2.6,101.6,-0.6,,M. Fratello (22-28),S. Kemp?(6.3)
1997,NBA,CLE,47,35,0.573,5,3.06,89.9,-0.4,102.2,-2.8,99.1,-5.9,Lost E. Conf. 1st Rnd.,M. Fratello (47-35),W. Person?(10.3)
1996,NBA,CLE,42,40,0.512,5,2.32,82.9,-7.2,104.6,-2.1,102.4,-4.3,,M. Fratello (42-40),T. Brandon?(10.8)
1995,NBA,CLE,47,35,0.573,3,2.49,82.3,-9.5,109.9,2.3,106.7,-0.9,Lost E. Conf. 1st Rnd.,M. Fratello (47-35),T. Brandon?(12.7)
1994,NBA,CLE,43,39,0.524,4,0.55,84.8,-8.1,105.3,-3,104.6,-3.7,Lost E. Conf. 1st Rnd.,M. Fratello (43-39),T. Hill?(6.9)
1993,NBA,CLE,47,35,0.573,4,3.64,91.7,-3.4,109.4,3.1,105.1,-1.2,Lost E. Conf. 1st Rnd.,M. Fratello (47-35),M. Price?(10.0)
1992,NBA,CLE,54,28,0.659,2,6.3,94.8,-2,112.7,4.7,106,-2,Lost E. Conf. Semis,L. Wilkens (54-28),B. Daugherty?(12.7)
1991,NBA,CLE,57,25,0.695,2,5.34,95,-1.6,113.9,5.7,108.2,0,Lost E. Conf. Finals,L. Wilkens (57-25),L. Nance?(12.2)
1990,NBA,CLE,33,49,0.402,6,-2.33,95.1,-2.7,106.1,-1.8,108.7,0.8,,L. Wilkens (33-49),L. Nance?(9.8)
1989,NBA,CLE,42,40,0.512,4,-0.62,95,-3.3,106.9,-1.2,107.2,-0.9,Lost E. Conf. 1st Rnd.,L. Wilkens (42-40),M. Price?(10.1)
1988,NBA,CLE,57,25,0.695,2,7.95,98,-2.6,110.6,2.8,102.9,-4.9,Lost E. Conf. 1st Rnd.,L. Wilkens (57-25),M. Price?(11.3)
1987,NBA,CLE,42,40,0.512,5,1.28,97.3,-2.3,106.8,-1.2,106,-2,Lost E. Conf. 1st Rnd.,L. Wilkens (42-40),M. Price?(7.8)
1986,NBA,CLE,31,51,0.378,6,-3.19,101.3,0.5,102.6,-5.7,106.4,-1.9,,L. Wilkens (31-51),H. Williams?(7.5)
1985,NBA,CLE,29,53,0.354,5,-2.19,101.6,-0.5,105.5,-1.7,108.3,1.1,,G. Karl (25-42) G. Littles (4-11),R. Hinson?(7.4)
1984,NBA,CLE,36,46,0.439,4,-2.27,101.9,-0.2,106,-1.9,108.7,0.8,Lost E. Conf. 1st Rnd.,G. Karl (36-46),W. Free?(6.0)
1983,NBA,CLE,28,54,0.341,4,-3.71,97.4,-4,104.1,-3.5,108.5,0.9,,T. Nissalke (28-54),W. Free?(5.3)
1982,NBA,CLE,23,59,0.28,5,-6.78,97.6,-5.5,99.2,-5.5,106.8,2.1,,T. Nissalke (23-59),W. Free?(4.6)
1981,NBA,CLE,15,67,0.183,6,-7.77,99.3,-1.6,103.3,-3.6,111.8,4.9,,D. Delaney (4-11) B. Kloppenburg (0-3) C. Daly (9-32) B. Musselman (2-21),J. Edwards?(4.3)
1980,NBA,CLE,28,54,0.341,5,-4.15,100.8,-1,104.3,-1.2,109.1,3.6,,B. Musselman (25-46) D. Delaney (3-8),M. Mitchell?(6.0)
1979,NBA,CLE,37,45,0.451,5,0.43,105.6,2.5,106.7,1.4,106.4,1.1,,S. Albeck (37-45),D. Robisch?(8.6)
1978,NBA,CLE,30,52,0.366,5,-3.57,102.7,-3.1,103.7,-0.1,107.3,3.5,,B. Fitch (30-52),C. Russell?(6.7)
1977,NBA,CLE,43,39,0.524,3,0.44,103.5,-3.2,99.9,-1,99.4,-1.5,Lost E. Conf. 1st Rnd.,B. Fitch (43-39),E. Smith?(6.8)
1976,NBA,CLE,43,39,0.524,4,1.08,101.5,-5,100,0.5,98.9,-0.6,Lost E. Conf. 1st Rnd.,B. Fitch (43-39),J. Chones?(5.9)
1975,NBA,CLE,49,33,0.598,1,2.34,101.6,-3.9,99.5,1.2,97,-1.3,Lost E. Conf. Finals,B. Fitch (49-33),J. Brewer?(7.9)
1974,NBA,CLE,40,42,0.488,3,-0.31,100.4,-4.1,97.6,-0.1,98,0.3,,B. Fitch (40-42),D. Snyder?(6.4)
1973,NBA,CLE,29,53,0.354,4,-4.16,104.1,-3.7,96,-1.7,100.1,2.4,,B. Fitch (29-53),L. Wilkens?(6.5)
1972,NBA,CLE,32,50,0.39,4,-2.64,108.3,-2.4,94,-2.8,96.5,-0.3,,B. Fitch (32-50),L. Wilkens?(9.5)
1971,NBA,CLE,23,59,0.28,4,-7.9,111.5,-0.5,94.5,-3.4,101.4,3.5,,B. Fitch (23-59),B. Beard?(5.9)
1970,NBA,CLE,15,67,0.183,4,-12.04,110.6,-4.5,92.3,-4.9,102.4,5.2,,B. Fitch (15-67),W. Wesley?(4.1)
2017,NBA,DET,19,15,0.559,2,0.77,95.6,-1.5,107.2,-0.6,106.4,-1.4,,S. Van Gundy (19-15),A. Drummond?(4.4)
2016,NBA,DET,37,45,0.451,5,-1.29,95,-1.4,106,-2.8,107.1,-1.7,,S. Van Gundy (37-45),T. Harris?(6.8)
2015,NBA,DET,44,38,0.537,3,0.43,95.1,-0.7,106.1,-0.3,105.5,-0.9,Lost E. Conf. 1st Rnd.,S. Van Gundy (44-38),A. Drummond?(7.4)
2014,NBA,DET,32,50,0.39,5,-1.39,92.8,-1.1,105.3,-0.3,106.4,0.8,,S. Van Gundy (32-50),A. Drummond?(7.7)
2013,NBA,DET,29,53,0.354,4,-4.13,94.9,1,105.9,-0.8,109.7,3,,M. Cheeks (21-29) J. Loyer (8-24),A. Drummond?(9.9)
2012,NBA,DET,29,53,0.354,4,-4.33,90.8,-1.2,103.8,-2.1,108.1,2.2,,L. Frank (29-53),G. Monroe?(5.9)
2011,NBA,DET,25,41,0.379,4,-5.19,89.2,-2.1,101,-3.6,106.3,1.7,,L. Frank (25-41),G. Monroe?(7.0)
2010,NBA,DET,30,52,0.366,4,-3.78,89.2,-2.9,107.7,0.4,111.7,4.4,,J. Kuester (30-52),G. Monroe?(6.6)
2009,NBA,DET,27,55,0.329,5,-5.02,88.5,-4.2,105.6,-2,111.4,3.8,,J. Kuester (27-55),B. Wallace?(4.7)
2008,NBA,DET,39,43,0.476,3,-0.36,86.7,-5,107.4,-0.9,108,-0.3,Lost E. Conf. 1st Rnd.,M. Curry (39-43),T. Prince?(6.2)
2007,NBA,DET,59,23,0.72,1,6.67,87.3,-5.1,111.4,3.9,102.9,-4.6,Lost E. Conf. Finals,F. Saunders (59-23),C. Billups?(13.5)
2006,NBA,DET,53,29,0.646,1,3.69,87.3,-4.6,108.9,2.4,104.2,-2.3,Lost E. Conf. Finals,F. Saunders (53-29),C. Billups?(11.4)
2005,NBA,DET,64,18,0.78,1,6.24,86.8,-3.7,110.8,4.6,103.1,-3.1,Lost E. Conf. Finals,F. Saunders (64-18),C. Billups?(15.5)
2004,NBA,DET,54,28,0.659,1,3.31,87.2,-3.7,105.6,-0.5,101.2,-4.9,Lost Finals,L. Brown (54-28),C. Billups?(12.1)
2003,NBA,DET,54,28,0.659,2,5.04,87.9,-2.2,102,-0.9,95.4,-7.5,Won Finals,L. Brown (54-28),C. Billups?(11.3)
2002,NBA,DET,50,32,0.61,1,2.97,86.8,-4.2,104.1,0.5,99.9,-3.7,Lost E. Conf. Finals,R. Carlisle (50-32),B. Wallace?(10.6)
2001,NBA,DET,50,32,0.61,1,1.69,90,-0.7,104.8,0.3,102.4,-2.1,Lost E. Conf. Semis,R. Carlisle (50-32),B. Wallace?(11.6)
2000,NBA,DET,32,50,0.39,5,-2.08,94.7,3.4,100,-3,101.8,-1.2,,G. Irvine (32-50),J. Stackhouse?(9.2)
1999,NBA,DET,42,40,0.512,4,1.13,95.7,2.6,107.3,3.2,105.8,1.7,Lost E. Conf. 1st Rnd.,A. Gentry (28-30) G. Irvine (14-10),G. Hill?(10.7)
1998,NBA,DET,29,21,0.58,3,3.97,86.3,-2.6,104.2,2,100.3,-1.9,Lost E. Conf. 1st Rnd.,A. Gentry (29-21),G. Hill?(7.3)
1997,NBA,DET,37,45,0.451,6,1.95,88.2,-2.1,105.3,0.3,103.5,-1.5,,D. Collins (21-24) A. Gentry (16-21),G. Hill?(10.2)
1996,NBA,DET,54,28,0.659,3,5.45,84.5,-5.6,110.6,3.9,104.4,-2.3,Lost E. Conf. 1st Rnd.,D. Collins (54-28),G. Hill?(14.6)
1995,NBA,DET,46,36,0.561,5,2.45,87.7,-4.1,107.9,0.3,105.1,-2.5,Lost E. Conf. 1st Rnd.,D. Collins (46-36),G. Hill?(11.7)
1994,NBA,DET,28,54,0.341,7,-7.08,93.2,0.3,105.1,-3.2,112.9,4.6,,D. Chaney (28-54),G. Hill?(5.4)
1993,NBA,DET,20,62,0.244,7,-7.46,94.2,-0.9,102.7,-3.6,110.9,4.6,,D. Chaney (20-62),T. Mills?(6.3)
1992,NBA,DET,40,42,0.488,6,-1.1,93.2,-3.6,107.4,-0.6,108.9,0.9,,R. Rothstein (40-42),J. Dumars?(9.1)
1991,NBA,DET,48,34,0.585,3,2.06,91.6,-5,107.5,-0.7,105.3,-2.9,Lost E. Conf. 1st Rnd.,C. Daly (48-34),D. Rodman?(12.6)
1990,NBA,DET,50,32,0.61,2,3.08,91.9,-5.9,108.2,0.3,104.6,-3.3,Lost E. Conf. Finals,C. Daly (50-32),J. Dumars?(9.9)
1989,NBA,DET,59,23,0.72,1,5.41,94.4,-3.9,109.9,1.8,103.5,-4.6,Won Finals,C. Daly (59-23),B. Laimbeer?(10.1)
1988,NBA,DET,63,19,0.768,1,6.24,95.5,-5.1,110.8,3,104.7,-3.1,Won Finals,C. Daly (63-19),B. Laimbeer?(9.0)
1987,NBA,DET,54,28,0.659,1,5.46,98.3,-1.3,110.5,2.5,105.3,-2.7,Lost Finals,C. Daly (54-28),A. Dantley?(9.4)
1986,NBA,DET,52,30,0.634,2,3.51,101,0.2,109.2,0.9,105.8,-2.5,Lost E. Conf. Finals,C. Daly (52-30),B. Laimbeer?(10.5)
1985,NBA,DET,46,36,0.561,3,1.44,104.2,2.1,109,1.8,107.9,0.7,Lost E. Conf. 1st Rnd.,C. Daly (46-36),B. Laimbeer?(9.2)
1984,NBA,DET,46,36,0.561,2,2.73,105,2.9,109.6,1.7,107.2,-0.7,Lost E. Conf. Semis,C. Daly (46-36),I. Thomas?(11.2)
1983,NBA,DET,49,33,0.598,2,3.52,103.8,2.4,111.5,3.9,108.1,0.5,Lost E. Conf. 1st Rnd.,C. Daly (49-33),B. Laimbeer?(10.8)
1982,NBA,DET,37,45,0.451,3,-0.17,105.8,2.7,105.4,0.7,105.8,1.1,,S. Robertson (37-45),B. Laimbeer?(8.5)
1981,NBA,DET,39,43,0.476,3,-0.63,104.3,3.4,105.8,-1.1,106.6,-0.3,,S. Robertson (39-43),K. Tripucka?(7.5)
1980,NBA,DET,21,61,0.256,6,-5.58,101.2,-0.6,98.1,-7.4,104.3,-1.2,,S. Robertson (21-61),T. Tyler?(6.4)
1979,NBA,DET,16,66,0.195,6,-7.57,107.1,4,101.2,-4.1,108.8,3.5,,D. Vitale (4-8) R. Adubato (12-58),B. Lanier?(4.2)
1978,NBA,DET,30,52,0.366,4,-2.6,107.2,1.4,102.1,-1.7,104.6,0.8,,D. Vitale (30-52),M. Carr?(7.9)
1977,NBA,DET,38,44,0.463,4,-1.22,107.7,1,100.3,-0.6,101.5,0.6,,H. Brown (9-15) B. Kauffman (29-29),B. Lanier?(10.1)
1976,NBA,DET,44,38,0.537,2,-1,108.8,2.3,100.3,0.8,101.3,1.8,Lost W. Conf. 1st Rnd.,H. Brown (44-38),B. Lanier?(10.3)
1975,NBA,DET,36,46,0.439,2,-1.18,105.2,-0.3,99.2,0.9,100.2,1.9,Lost W. Conf. Semis,R. Scott (17-25) H. Brown (19-21),B. Lanier?(10.1)
1974,NBA,DET,40,42,0.488,3,-1.19,100.5,-4,98.3,0.6,99.7,2,Lost W. Conf. 1st Rnd.,R. Scott (40-42),B. Lanier?(12.4)
1973,NBA,DET,52,30,0.634,3,4.02,106.5,-1.3,97.6,-0.1,93.8,-3.9,Lost W. Conf. Semis,R. Scott (52-30),B. Lanier?(14.4)
1972,NBA,DET,40,42,0.488,3,0.54,111.5,0.8,98.4,1.6,98.2,1.4,,E. Lloyd (2-5) R. Scott (38-37),B. Lanier?(10.6)
1971,NBA,DET,26,56,0.317,4,-6.11,112.8,0.8,96.1,-1.8,102.2,4.3,,B. Van Breda Kolff (6-4) T. Dischinger (0-2) E. Lloyd (20-50),B. Lanier?(8.4)
1970,NBA,DET,45,37,0.549,4,-0.33,111.3,-3.8,98.1,0.9,98.7,1.5,,B. Van Breda Kolff (45-37),D. Bing?(11.7)
1969,NBA,DET,31,51,0.378,7,-2.94,111.6,-5.5,100.1,1.1,103.1,4.1,,B. Van Breda Kolff (31-51),J. Walker?(6.2)
1968,NBA,DET,32,50,0.39,6,-2.79,116.8,-0.1,97.3,1.8,100,4.5,,D. Butcher (10-12) P. Seymour (22-38),H. Hairston?(7.0)
1967,NBA,DET,40,42,0.488,4,-1.7,122,2.2,96.7,-0.1,98.4,1.6,Lost E. Div. Semis,D. Butcher (40-42),D. Bing?(6.2)
1966,NBA,DET,30,51,0.37,5,-4.98,121.5,-0.1,90.9,-5.2,95.4,-0.7,,D. DeBusschere (28-45) D. Butcher (2-6),D. DeBusschere?(5.9)
1965,NBA,DET,22,58,0.275,5,-6.07,123.4,2,89.4,-5.5,94.9,0,,D. DeBusschere (22-58),E. Miles?(6.0)
1964,NBA,DET,31,49,0.388,4,-3.03,119.2,1.9,90.5,-3.1,93.3,-0.3,,C. Wolf (2-9) D. DeBusschere (29-40),T. Dischinger?(10.3)
1963,NBA,DET,23,57,0.288,5,-6.77,115.9,2.7,92.5,-2.1,99.1,4.5,,C. Wolf (23-57),B. Howell?(9.8)
1962,NBA,DET,34,46,0.425,3,-3.38,120.3,5.3,94.2,-1.7,97.3,1.4,Lost W. Div. Semis,D. McGuire (34-46),B. Howell?(14.0)
1961,NBA,DET,37,43,0.463,3,-1.72,124.1,2.8,92.8,-0.8,94.2,0.6,Lost W. Div. Finals,D. McGuire (37-43),B. Howell?(10.7)
1960,NBA,DET,34,45,0.43,3,-2.11,126,2.5,93.8,1.7,95.6,3.5,Lost W. Div. Semis,D. McGuire (34-45),B. Howell?(11.7)
1959,NBA,DET,30,45,0.4,2,-3.45,123.1,0.8,89.8,-1.3,92.6,1.5,Lost W. Div. Semis,R. Rocha (13-21) D. McGuire (17-24),G. Shue?(8.5)
1958,NBA,DET,28,44,0.389,3,-1.36,117.8,5.8,88.4,-1.8,89.4,-0.8,Lost W. Div. Semis,R. Rocha (28-44),D. McGuire?(6.9)
1957,NBA,DET,33,39,0.458,2,-2.32,118.8,1.8,88.2,-0.6,90.1,1.3,Lost W. Div. Finals,C. Eckman (9-16) R. Rocha (24-23),G. Yardley?(12.3)
1956,NBA,FTW,34,38,0.472,3,-2.18,107.7,2.8,88.8,-0.1,91,2.1,Lost W. Div. Semis,C. Eckman (34-38),G. Yardley?(10.0)
1955,NBA,FTW,37,35,0.514,1,0.45,103.2,0.4,90.7,0.4,90,-0.3,Lost Finals,C. Eckman (37-35),L. Foust?(11.1)
1954,NBA,FTW,43,29,0.597,1,2.01,100.7,2.6,91.2,1.4,88.9,-0.9,Lost Finals,C. Eckman (43-29),L. Foust?(13.3)
1953,NBA,FTW,40,32,0.556,3,1.45,86.9,3.3,89,1.5,87.2,-0.3,Eliminated in W. Div. Rnd. Robin,P. Birch (40-32),L. Foust?(10.4)
1952,NBA,FTW,36,33,0.522,3,0.17,91.1,10.6,87.6,-0.4,87.7,0,Lost W. Div. Finals,P. Birch (36-33),L. Foust?(6.3)
1951,NBA,FTW,29,37,0.439,4,-1.83,90.1,4.3,85.6,-1.3,87.9,1,Lost W. Div. Semis,P. Birch (29-37),L. Foust?(7.1)
1950,NBA,FTW,32,36,0.471,3,-1.81,102.4,16.9,82,-3.1,83.8,-1.3,Lost W. Div. Semis,M. Mendenhall (32-36),F. Schaus?(8.5)
1949,NBA,FTW,40,28,0.588,3,1.84,,,,,,,Lost Central Div. Finals,M. Mendenhall (40-28),F. Schaus?(8.4)
1948,BAA,FTW,22,38,0.367,5,-2.85,,,,,,,,C. Bennett (0-6) C. Armstrong (22-32),R. Niemiera?(4.8)
2017,NBA,MIL,19,15,0.559,2,-0.54,95.6,-1.5,109.4,1.6,109.8,2,,J. Kidd (19-15),G. Antetokounmpo?(6.2)
2016,NBA,MIL,42,40,0.512,2,-0.45,94.5,-1.9,109.1,0.3,109.3,0.5,Lost E. Conf. 1st Rnd.,J. Kidd (42-40),G. Antetokounmpo?(12.4)
2015,NBA,MIL,33,49,0.402,5,-3.98,94.2,-1.6,104.3,-2.1,108.7,2.3,,J. Kidd (33-49),G. Monroe?(7.5)
2014,NBA,MIL,41,41,0.5,3,-0.09,94.1,0.2,102.7,-2.9,102.2,-3.4,Lost E. Conf. 1st Rnd.,J. Kidd (41-41),K. Middleton?(6.7)
2013,NBA,MIL,15,67,0.183,5,-8.41,91.8,-2.1,103,-3.7,111.8,5.1,,L. Drew (15-67),J. Henson?(3.3)
2012,NBA,MIL,38,44,0.463,3,-1.83,94.7,2.7,103.6,-2.3,105.2,-0.7,Lost E. Conf. 1st Rnd.,S. Skiles (16-16) J. Boylan (22-28),E. Ilyasova?(6.7)
2011,NBA,MIL,31,35,0.47,3,-0.23,93.7,2.4,105.5,0.9,105.2,0.6,,S. Skiles (31-35),E. Ilyasova?(6.4)
2010,NBA,MIL,35,47,0.427,3,-1.02,89.8,-2.3,101.6,-5.7,102.5,-4.8,,S. Skiles (35-47),A. Bogut?(5.4)
2009,NBA,MIL,46,36,0.561,2,1.37,91.7,-1,104.9,-2.7,103.1,-4.5,Lost E. Conf. 1st Rnd.,S. Skiles (46-36),A. Bogut?(7.5)
2008,NBA,MIL,34,48,0.415,5,-0.88,92.6,0.9,106.7,-1.6,107.9,-0.4,,S. Skiles (34-48),R. Jefferson?(6.6)
2007,NBA,MIL,26,56,0.317,5,-6.92,91.3,-1.1,105.3,-2.2,112.8,5.3,,L. Krystkowiak (26-56),M. Redd?(5.8)
2006,NBA,MIL,28,54,0.341,5,-4.43,92.3,0.4,107,0.5,111.7,5.2,,T. Stotts (23-41) L. Krystkowiak (5-13),M. Redd?(6.1)
2005,NBA,MIL,40,42,0.488,5,-1.07,91.2,0.7,106.3,0.1,107.4,1.2,Lost E. Conf. 1st Rnd.,T. Stotts (40-42),M. Redd?(10.8)
2004,NBA,MIL,30,52,0.366,5,-3.09,90.8,-0.1,106.6,0.5,109.8,3.7,,T. Porter (30-52),M. Redd?(6.2)
2003,NBA,MIL,41,41,0.5,4,0.42,91.6,1.5,106.5,3.6,105.4,2.5,Lost E. Conf. 1st Rnd.,T. Porter (41-41),M. Redd?(9.7)
2002,NBA,MIL,42,40,0.512,4,-0.24,90.4,-0.6,108.8,5.2,108.6,5,Lost E. Conf. 1st Rnd.,G. Karl (42-40),S. Cassell?(9.6)
2001,NBA,MIL,41,41,0.5,5,-0.62,90.2,-0.5,106.9,2.4,107.1,2.6,,G. Karl (41-41),R. Allen?(8.9)
2000,NBA,MIL,52,30,0.634,1,3.14,92.1,0.8,108.8,5.8,104.6,1.6,Lost E. Conf. Finals,G. Karl (52-30),R. Allen?(13.7)
1999,NBA,MIL,42,40,0.512,5,-0.06,92.7,-0.4,108.2,4.1,107.9,3.8,Lost E. Conf. 1st Rnd.,G. Karl (42-40),R. Allen?(10.1)
1998,NBA,MIL,28,22,0.56,4,1.66,87,-1.9,104.9,2.7,103,0.8,Lost E. Conf. 1st Rnd.,G. Karl (28-22),R. Allen?(5.2)
1997,NBA,MIL,36,46,0.439,7,-1.33,90.2,-0.1,103.5,-1.5,105.6,0.6,,C. Ford (36-46),R. Allen?(7.0)
1996,NBA,MIL,33,49,0.402,7,-1.38,89.5,-0.6,106.2,-0.5,108.3,1.6,,C. Ford (33-49),V. Baker?(8.3)
1995,NBA,MIL,25,57,0.305,7,-4.92,90.2,-1.6,105.6,-2,111.5,3.9,,M. Dunleavy (25-57),V. Baker?(6.2)
1994,NBA,MIL,34,48,0.415,6,-4.3,92.7,-0.2,106.2,-2.1,110.9,2.6,,M. Dunleavy (34-48),V. Baker?(5.8)
1993,NBA,MIL,20,62,0.244,6,-6.24,94.5,-0.6,102.5,-3.8,109.3,3,,M. Dunleavy (20-62),E. Murdock?(7.2)
1992,NBA,MIL,28,54,0.341,7,-3.26,96.1,-0.7,106.2,-1.8,110.1,2.1,,M. Dunleavy (28-54),E. Murdock?(6.1)
1991,NBA,MIL,31,51,0.378,6,-1.46,95.5,-1.1,108.8,0.6,110.6,2.4,,D. Harris (8-9) F. Hamblen (23-42),M. Malone?(7.8)
1990,NBA,MIL,48,34,0.585,3,2.33,96.1,-1.7,109.7,1.8,107.2,-0.7,Lost E. Conf. 1st Rnd.,D. Harris (48-34),J. Humphries?(8.6)
1989,NBA,MIL,44,38,0.537,3,-1.06,98,-0.3,107.3,-0.8,108.1,0,Lost E. Conf. 1st Rnd.,D. Harris (44-38),J. Humphries?(7.6)
1988,NBA,MIL,49,33,0.598,4,4.11,98.6,-2,110.1,2.3,106.4,-1.4,Lost E. Conf. Semis,D. Harris (49-33),J. Sikma?(8.1)
1987,NBA,MIL,42,40,0.512,4,1.21,97.6,-2,108.2,0.2,107.6,-0.4,Lost E. Conf. 1st Rnd.,D. Harris (42-40),J. Sikma?(9.4)
1986,NBA,MIL,50,32,0.61,3,4.04,100.3,-0.5,109.5,1.2,105.6,-2.7,Lost E. Conf. Semis,D. Nelson (50-32),R. Pierce?(9.4)
1985,NBA,MIL,57,25,0.695,1,8.69,102.1,0,111.4,4.2,102.7,-4.5,Lost E. Conf. Finals,D. Nelson (57-25),S. Moncrief?(11.7)
1984,NBA,MIL,59,23,0.72,1,6.69,99.7,-2.4,110.5,2.6,103.6,-4.3,Lost E. Conf. Semis,D. Nelson (59-23),S. Moncrief?(11.2)
1983,NBA,MIL,50,32,0.61,1,4.04,96.9,-4.5,107.8,0.2,103.6,-4,Lost E. Conf. Finals,D. Nelson (50-32),S. Moncrief?(12.7)
1982,NBA,MIL,51,31,0.622,1,4.32,100,-3.1,105.8,1.1,101.4,-3.3,Lost E. Conf. Finals,D. Nelson (51-31),S. Moncrief?(13.2)
1981,NBA,MIL,55,27,0.671,1,5.38,100,-0.9,107.7,0.8,102.3,-4.6,Lost E. Conf. Semis,D. Nelson (55-27),S. Moncrief?(13.4)
1980,NBA,MIL,60,22,0.732,1,7.14,103.6,1.8,108.7,3.2,101.8,-3.7,Lost E. Conf. Semis,D. Nelson (60-22),M. Johnson?(11.2)
1979,NBA,MIL,49,33,0.598,1,3.57,102.4,-0.7,106.8,1.5,102.9,-2.4,Lost W. Conf. Semis,D. Nelson (49-33),M. Johnson?(11.5)
1978,NBA,MIL,38,44,0.463,3,2.12,106.5,0.7,106,2.2,104,0.2,,D. Nelson (38-44),M. Johnson?(12.2)
1977,NBA,MIL,44,38,0.537,2,-0.59,108.7,2,101.8,0.9,102.4,1.5,Lost W. Conf. Semis,D. Nelson (44-38),M. Johnson?(10.6)
1976,NBA,MIL,30,52,0.366,6,-2.99,108.3,1.8,100,0.5,102.9,3.4,,L. Costello (3-15) D. Nelson (27-37),S. Nater?(6.9)
1975,NBA,MIL,38,44,0.463,1,-1.55,103.9,-1.6,97.3,-1,98.7,0.4,Lost W. Conf. 1st Rnd.,L. Costello (38-44),B. Dandridge?(9.0)
1974,NBA,MIL,38,44,0.463,4,0.25,102.1,-2.4,98,0.3,97.8,0.1,,L. Costello (38-44),K. Abdul-Jabbar?(12.9)
1973,NBA,MIL,59,23,0.72,1,7.61,105.4,-2.4,101.2,3.5,93.6,-4.1,Lost Finals,L. Costello (59-23),K. Abdul-Jabbar?(18.4)
1972,NBA,MIL,60,22,0.732,1,7.84,108.3,-2.4,98.6,1.8,91.1,-5.7,Lost W. Conf. Semis,L. Costello (60-22),K. Abdul-Jabbar?(21.9)
1971,NBA,MIL,63,19,0.768,1,10.7,111.2,-0.8,102.6,4.7,92.6,-5.3,Lost W. Conf. Finals,L. Costello (63-19),K. Abdul-Jabbar?(25.4)
1970,NBA,MIL,66,16,0.805,1,11.92,113.4,-1.7,103.9,6.7,93.1,-4.1,Won Finals,L. Costello (66-16),K. Abdul-Jabbar?(22.3)
1969,NBA,MIL,56,26,0.683,2,4.25,115.8,-1.3,102.1,3.1,98.1,-0.9,Lost E. Div. Finals,L. Costello (56-26),K. Abdul-Jabbar?(13.8)
1968,NBA,MIL,27,55,0.329,7,-5.07,117.5,0.6,93.9,-1.6,98.2,2.7,,L. Costello (27-55),J. McGlocklin?(7.9)
2017,NBA,IND,19,17,0.528,4,0.52,97,-0.1,110.1,2.3,109.7,1.9,,N. McMillan (19-17),V. Oladipo?(3.8)
2016,NBA,IND,42,40,0.512,3,-0.64,95.9,-0.5,108.6,-0.2,108.8,0,Lost E. Conf. 1st Rnd.,N. McMillan (42-40),J. Teague?(8.1)
2015,NBA,IND,45,37,0.549,2,1.62,96.6,0.8,104.6,-1.8,102.9,-3.5,Lost E. Conf. 1st Rnd.,F. Vogel (45-37),P. George?(9.2)
2014,NBA,IND,38,44,0.463,4,-0.23,93.2,-0.7,103.5,-2.1,103.2,-2.4,,F. Vogel (38-44),G. Hill?(5.4)
2013,NBA,IND,56,26,0.683,1,3.63,92.5,-1.4,104.1,-2.6,99.3,-7.4,Lost E. Conf. Finals,F. Vogel (56-26),P. George?(10.8)
2012,NBA,IND,49,32,0.605,1,3.34,90.2,-1.8,104.3,-1.6,99.8,-6.1,Lost E. Conf. Finals,F. Vogel (49-32),G. Hill?(9.7)
2011,NBA,IND,42,24,0.636,2,2.6,90.7,-0.6,106.7,2.1,103.1,-1.5,Lost E. Conf. Semis,F. Vogel (42-24),D. Granger?(6.7)
2010,NBA,IND,37,45,0.451,2,-1.38,94.7,2.6,104.8,-2.5,106,-1.3,Lost E. Conf. 1st Rnd.,J. O'Brien (17-27) F. Vogel (20-18),D. Granger?(6.9)
2009,NBA,IND,32,50,0.39,4,-3.11,97.1,4.4,103.7,-3.9,106.8,-0.8,,J. O'Brien (32-50),T. Murphy?(7.8)
2008,NBA,IND,36,46,0.439,4,-0.76,96.5,4.8,108.1,-0.2,109.2,0.9,,J. O'Brien (36-46),T. Murphy?(8.5)
2007,NBA,IND,36,46,0.439,3,-1.87,97.7,5.3,106,-1.5,107.5,0,,J. O'Brien (36-46),M. Dunleavy?(8.5)
2006,NBA,IND,35,47,0.427,4,-2.62,92.4,0.5,102.9,-3.6,105.5,-1,,R. Carlisle (35-47),D. Granger?(6.5)
2005,NBA,IND,41,41,0.5,3,1.62,89.7,-0.8,104.5,-1.7,102.4,-3.8,Lost E. Conf. 1st Rnd.,R. Carlisle (41-41),J. Foster?(5.7)
2004,NBA,IND,44,38,0.537,3,0.49,87.2,-3.7,105.5,-0.6,104.6,-1.5,Lost E. Conf. Semis,R. Carlisle (44-38),R. Miller?(6.6)
2003,NBA,IND,61,21,0.744,1,4.93,87.5,-2.6,103.8,0.9,97.2,-5.7,Lost E. Conf. Finals,R. Carlisle (61-21),J. O'Neal?(9.0)
2002,NBA,IND,48,34,0.585,2,2.79,91.6,0.6,104.6,1,100.8,-2.8,Lost E. Conf. 1st Rnd.,I. Thomas (48-34),J. O'Neal?(10.5)
2001,NBA,IND,42,40,0.512,4,-0.07,91.9,1.2,104.1,-0.4,103.8,-0.7,Lost E. Conf. 1st Rnd.,I. Thomas (42-40),R. Miller?(9.5)
2000,NBA,IND,41,41,0.5,4,-0.77,89.4,-1.9,102,-1,102.2,-0.8,Lost E. Conf. 1st Rnd.,I. Thomas (41-41),R. Miller?(10.3)
1999,NBA,IND,56,26,0.683,1,4.15,93.1,0,108.5,4.4,103.6,-0.5,Lost Finals,L. Bird (56-26),R. Miller?(10.1)
1998,NBA,IND,33,17,0.66,1,3.86,86.4,-2.5,108.7,6.5,104.4,2.2,Lost E. Conf. Finals,L. Bird (33-17),R. Miller?(6.4)
1997,NBA,IND,58,24,0.707,2,6.25,87.9,-2.4,108.4,3.4,101.6,-3.4,Lost E. Conf. Finals,L. Bird (58-24),R. Miller?(12.0)
1996,NBA,IND,39,43,0.476,6,1.49,89,-1.1,105.8,-0.9,104.7,-2,,L. Brown (39-43),R. Miller?(12.3)
1995,NBA,IND,52,30,0.634,2,3.11,89.3,-2.5,110.8,3.2,107.2,-0.4,Lost E. Conf. 1st Rnd.,L. Brown (52-30),R. Miller?(10.3)
1994,NBA,IND,52,30,0.634,1,3.35,90,-2.9,109.6,1.3,105.6,-2.7,Lost E. Conf. Finals,L. Brown (52-30),R. Miller?(11.4)
1993,NBA,IND,47,35,0.573,3,3.26,93.3,-1.8,107.8,1.5,104.2,-2.1,Lost E. Conf. Finals,L. Brown (47-35),R. Miller?(11.7)
1992,NBA,IND,41,41,0.5,5,1.77,96,-0.8,111.9,3.9,110.1,2.1,Lost E. Conf. 1st Rnd.,B. Hill (41-41),R. Miller?(11.3)
1991,NBA,IND,40,42,0.488,4,1.85,99,2.4,111.7,3.5,109.9,1.7,Lost E. Conf. 1st Rnd.,B. Hill (40-42),R. Miller?(11.0)
1990,NBA,IND,41,41,0.5,5,-0.37,99.4,1.6,111.7,3.8,112.1,4.2,Lost E. Conf. 1st Rnd.,D. Versace (9-16) B. Hill (32-25),R. Miller?(12.5)
1989,NBA,IND,42,40,0.512,5,-0.18,97,-1.3,111.5,3.4,111.4,3.3,Lost E. Conf. 1st Rnd.,D. Versace (42-40),R. Miller?(12.1)
1988,NBA,IND,28,54,0.341,6,-3,99.2,-1.4,106.8,-1,111,3.2,,J. Ramsay (0-7) M. Daniels (0-2) G. Irvine (6-14) D. Versace (22-31),R. Miller?(6.5)
1987,NBA,IND,38,44,0.463,6,-0.18,98,-1.6,106.6,-1.4,107.4,-0.6,,J. Ramsay (38-44),V. Fleming?(8.4)
1986,NBA,IND,41,41,0.5,4,-0.17,98.8,-2,106,-2.3,106.6,-1.7,Lost E. Conf. 1st Rnd.,J. Ramsay (41-41),S. Stipanovich?(9.0)
1985,NBA,IND,26,56,0.317,6,-2.66,100.9,-1.2,102.6,-4.6,105.9,-1.3,,G. Irvine (26-56),V. Fleming?(6.9)
1984,NBA,IND,22,60,0.268,6,-5.46,105.1,3,102.5,-5.4,108.4,0.5,,G. Irvine (22-60),C. Kellogg?(6.1)
1983,NBA,IND,26,56,0.317,6,-4.25,102.1,0.7,101.8,-5.8,106.5,-1.1,,J. McKinney (26-56),C. Kellogg?(7.0)
1982,NBA,IND,20,62,0.244,6,-5.36,103.9,0.8,103.8,-0.9,109.4,4.7,,J. McKinney (20-62),C. Kellogg?(6.8)
1981,NBA,IND,35,47,0.427,4,-1.49,98.7,-2.2,102.7,-4.2,104.6,-2.3,,J. McKinney (35-47),D. Buse?(7.1)
1980,NBA,IND,44,38,0.537,3,1.72,100.9,-0.9,106.4,0.9,105,-0.5,Lost E. Conf. 1st Rnd.,J. McKinney (44-38),B. Knight?(8.4)
1979,NBA,IND,37,45,0.451,4,-0.54,104.4,1.3,105.5,0.2,106.2,0.9,,S. Leonard (37-45),M. Johnson?(7.3)
1978,NBA,IND,38,44,0.463,4,-1.41,105.3,-0.5,103,-0.8,104.5,0.7,,S. Leonard (38-44),J. Edwards?(7.1)
1977,NBA,IND,31,51,0.378,6,-2.37,108.2,1.5,99.6,-1.3,101.9,1,,S. Leonard (31-51),D. Roundfield?(6.9)
1976,NBA,IND,36,46,0.439,5,-1.68,107.1,0.6,99.3,-0.2,101,1.5,,S. Leonard (36-46),B. Knight?(10.7)
1975,ABA,IND,39,45,0.464,5,0.29,107.7,0.8,103.7,-0.4,103.9,-0.2,Lost 1st Rnd.,S. Leonard (39-45),D. Buse?(10.6)
1974,ABA,IND,45,39,0.536,3,1.14,105.1,2,106.7,2,105.7,1,Lost Finals,S. Leonard (45-39),G. McGinnis?(11.6)
1973,ABA,IND,46,38,0.548,2,0.68,103,0.4,101.7,-1.3,100.9,-2.1,Lost W. Div. Finals,S. Leonard (46-38),G. McGinnis?(10.1)
1972,ABA,IND,51,33,0.607,2,1.97,112.7,3.4,100.7,-1.1,98.8,-3,Won Finals,S. Leonard (51-33),G. McGinnis?(11.4)
1971,ABA,IND,47,37,0.56,2,2.72,110.7,-1.2,101.1,0.5,98.7,-1.9,Won Finals,S. Leonard (47-37),M. Daniels?(10.3)
1970,ABA,IND,58,26,0.69,1,5.63,108.1,-3,109.1,4.1,103.6,-1.4,Lost W. Div. Finals,S. Leonard (58-26),M. Daniels?(11.4)
1969,ABA,IND,59,25,0.702,1,2.67,106.7,-2.5,105.4,2.7,102.2,-0.5,Won Finals,S. Leonard (59-25),R. Brown?(13.3)
1968,ABA,IND,44,34,0.564,1,3.35,111.4,2,106.3,2.3,102.6,-1.4,Lost Finals,L. Staverman (2-7) S. Leonard (42-27),R. Brown?(10.0)
1967,ABA,IND,38,40,0.487,3,0.5,107.2,0.2,101.5,0.2,101.3,0,Lost E. Div. Semis,L. Staverman (38-40),F. Lewis?(7.5)
2017,NBA,CHI,13,22,0.371,5,-5.4,97.5,0.4,102.2,-5.6,107.9,0.1,,F. Hoiberg (13-22),J. Grant?(2.0)
2016,NBA,CHI,41,41,0.5,4,0.03,95.3,-1.1,107.4,-1.4,107,-1.8,Lost E. Conf. 1st Rnd.,F. Hoiberg (41-41),J. Butler?(13.8)
2015,NBA,CHI,42,40,0.512,4,-1.46,95.7,-0.1,105,-1.4,106.5,0.1,,F. Hoiberg (42-40),J. Butler?(9.1)
2014,NBA,CHI,50,32,0.61,2,2.54,92.8,-1.1,107.5,1.9,104.3,-1.3,Lost E. Conf. Semis,T. Thibodeau (50-32),J. Butler?(11.2)
2013,NBA,CHI,48,34,0.585,2,1.2,90.2,-3.7,102.5,-4.2,100.5,-6.2,Lost E. Conf. 1st Rnd.,T. Thibodeau (48-34),J. Noah?(11.2)
2012,NBA,CHI,45,37,0.549,2,-0.02,89.3,-2.7,103.5,-2.4,103.2,-2.7,Lost E. Conf. Semis,T. Thibodeau (45-37),J. Noah?(7.3)
2011,NBA,CHI,50,16,0.758,1,7.43,89.1,-2.2,107.4,2.8,98.3,-6.3,Lost E. Conf. 1st Rnd.,T. Thibodeau (50-16),J. Noah?(9.0)
2010,NBA,CHI,62,20,0.756,1,6.53,90.4,-1.7,108.3,1,100.3,-7,Lost E. Conf. Finals,T. Thibodeau (62-20),D. Rose?(13.1)
2009,NBA,CHI,41,41,0.5,3,-1.64,93.1,0.4,103.5,-4.1,105.3,-2.3,Lost E. Conf. 1st Rnd.,V. Del Negro (41-41),J. Noah?(6.2)
2008,NBA,CHI,41,41,0.5,2,-0.16,93.1,1.4,108.4,0.1,108.7,0.4,Lost E. Conf. 1st Rnd.,V. Del Negro (41-41),B. Gordon?(6.9)
2007,NBA,CHI,33,49,0.402,4,-3.19,93,0.6,103.9,-3.6,107.2,-0.3,,S. Skiles (9-16) P. Myers (0-1) J. Boylan (24-32),B. Gordon?(5.1)
2006,NBA,CHI,49,33,0.598,3,4.52,93.6,1.7,104.9,-1.6,99.6,-6.9,Lost E. Conf. Semis,S. Skiles (49-33),L. Deng?(11.3)
2005,NBA,CHI,41,41,0.5,4,0.51,92.9,2.4,104,-2.2,103.4,-2.8,Lost E. Conf. 1st Rnd.,S. Skiles (41-41),K. Hinrich?(7.6)
2004,NBA,CHI,47,35,0.573,2,0.65,92.4,1.5,101.4,-4.7,100.3,-5.8,Lost E. Conf. 1st Rnd.,S. Skiles (47-35),T. Chandler?(8.3)
2003,NBA,CHI,23,59,0.28,8,-6.69,92.2,2.1,96.6,-6.3,103.4,0.5,,B. Cartwright (4-10) P. Myers (0-2) S. Skiles (19-47),K. Hinrich?(4.1)
2002,NBA,CHI,30,52,0.366,6,-5.31,93.5,2.5,100.2,-3.4,105.6,2,,B. Cartwright (30-52),D. Marshall?(6.0)
2001,NBA,CHI,21,61,0.256,8,-8.52,90.5,-0.2,98.2,-6.3,107.6,3.1,,T. Floyd (4-21) B. Berry (0-2) B. Cartwright (17-38),B. Miller?(4.4)
2000,NBA,CHI,15,67,0.183,8,-9.09,89.3,-2,97.2,-5.8,107.3,4.3,,T. Floyd (15-67),E. Brand?(6.1)
1999,NBA,CHI,17,65,0.207,8,-9.23,89.4,-3.7,94.2,-9.9,104.6,0.5,,T. Floyd (17-65),E. Brand?(7.5)
1998,NBA,CHI,13,37,0.26,8,-8.58,88.1,-0.8,92.4,-9.8,103,0.8,,T. Floyd (13-37),D. Simpkins?(2.9)
1997,NBA,CHI,62,20,0.756,1,7.24,89,-1.3,107.7,2.7,99.8,-5.2,Won Finals,P. Jackson (62-20),M. Jordan?(15.8)
1996,NBA,CHI,69,13,0.841,1,10.7,90,-0.1,114.4,7.7,102.4,-4.3,Won Finals,P. Jackson (69-13),M. Jordan?(18.3)
1995,NBA,CHI,72,10,0.878,1,11.8,91.1,-0.7,115.2,7.6,101.8,-5.8,Won Finals,P. Jackson (72-10),M. Jordan?(20.4)
1994,NBA,CHI,47,35,0.573,3,4.32,92,-0.9,109.5,1.2,104.3,-4,Lost E. Conf. Semis,P. Jackson (47-35),S. Pippen?(11.8)
1993,NBA,CHI,55,27,0.671,2,2.87,91.9,-3.2,106.1,-0.2,102.7,-3.6,Lost E. Conf. Semis,P. Jackson (55-27),S. Pippen?(11.2)
1992,NBA,CHI,57,25,0.695,1,6.19,92.5,-4.3,112.9,4.9,106.1,-1.9,Won Finals,P. Jackson (57-25),M. Jordan?(17.2)
1991,NBA,CHI,67,15,0.817,1,10.07,94.4,-2.2,115.5,7.3,104.5,-3.7,Won Finals,P. Jackson (67-15),M. Jordan?(17.7)
1990,NBA,CHI,61,21,0.744,1,8.57,95.6,-2.2,114.6,6.7,105.2,-2.7,Won Finals,P. Jackson (61-21),M. Jordan?(20.3)
1989,NBA,CHI,55,27,0.671,2,2.74,96.7,-1.6,112.3,4.2,109,0.9,Lost E. Conf. Finals,P. Jackson (55-27),M. Jordan?(19.0)
1988,NBA,CHI,47,35,0.573,5,2.13,97,-3.6,109.1,1.3,107.7,-0.1,Lost E. Conf. Finals,D. Collins (47-35),M. Jordan?(19.8)
1987,NBA,CHI,50,32,0.61,2,3.76,95.5,-4.1,109,1,105.5,-2.5,Lost E. Conf. Semis,D. Collins (50-32),M. Jordan?(21.2)
1986,NBA,CHI,40,42,0.488,5,1.26,95.8,-5,108.6,0.3,107.6,-0.7,Lost E. Conf. 1st Rnd.,D. Collins (40-42),M. Jordan?(16.9)
1985,NBA,CHI,30,52,0.366,4,-3.12,99.7,-2.4,108.6,1.4,112.4,5.2,Lost E. Conf. 1st Rnd.,S. Albeck (30-52),O. Woolridge?(5.6)
1984,NBA,CHI,38,44,0.463,3,-0.5,99.4,-2.7,108.7,0.8,109.6,1.7,Lost E. Conf. 1st Rnd.,K. Loughery (38-44),M. Jordan?(14.0)
1983,NBA,CHI,27,55,0.329,5,-4.69,99.8,-1.6,102.4,-5.2,107.5,-0.1,,K. Loughery (27-55),D. Greenwood?(5.7)
1982,NBA,CHI,28,54,0.341,4,-4.41,106.1,3,103.4,-1.3,108,3.3,,P. Westhead (28-54),R. Theus?(6.5)
1981,NBA,CHI,34,48,0.415,5,-1.57,99,-1.9,106.6,-0.3,108.6,1.7,,J. Sloan (19-32) P. Johnson (0-1) R. Thorn (15-15),A. Gilmore?(12.1)
1980,NBA,CHI,45,37,0.549,2,2.34,100.6,-1.2,107.8,2.3,105.8,0.3,Lost E. Conf. Semis,J. Sloan (45-37),A. Gilmore?(12.3)
1979,NBA,CHI,30,52,0.366,4,-2.63,101.8,-1.3,104.3,-1,107,1.7,,J. Sloan (30-52),R. Theus?(6.9)
1978,NBA,CHI,31,51,0.378,5,-3.78,102.9,-2.9,101.3,-2.5,105.1,1.3,,L. Costello (20-36) S. Robertson (11-15),A. Gilmore?(12.7)
1977,NBA,CHI,40,42,0.488,3,-0.79,101.5,-5.2,102,1.1,102.9,2,,E. Badger (40-42),A. Gilmore?(11.5)
1976,NBA,CHI,44,38,0.537,3,0.92,100,-6.5,98.3,-1.2,97.4,-2.1,Lost W. Conf. 1st Rnd.,E. Badger (44-38),A. Gilmore?(12.2)
1975,NBA,CHI,24,58,0.293,4,-2.89,100.3,-5.2,95.2,-3.1,98,-0.3,,D. Motta (24-58),M. Johnson?(8.3)
1974,NBA,CHI,47,35,0.573,1,2.88,99.7,-4.8,97.4,-0.3,94.4,-3.3,Lost W. Conf. Finals,D. Motta (47-35),C. Walker?(10.5)
1973,NBA,CHI,54,28,0.659,2,3.2,105,-2.8,96.7,-1,93.6,-4.1,Lost W. Conf. Finals,D. Motta (54-28),C. Walker?(10.6)
1972,NBA,CHI,51,31,0.622,2,3.43,104.5,-6.2,98.9,2.1,95.6,-1.2,Lost W. Conf. Semis,D. Motta (51-31),C. Walker?(10.9)
1971,NBA,CHI,57,25,0.695,2,7.91,108.6,-3.4,101.9,4,94.3,-3.6,Lost W. Conf. Semis,D. Motta (57-25),C. Walker?(14.5)
1970,NBA,CHI,51,31,0.622,2,5.47,109.7,-5.4,100.5,3.3,95.7,-1.5,Lost W. Conf. Semis,D. Motta (51-31),C. Walker?(10.9)
1969,NBA,CHI,39,43,0.476,3,-1.71,116.5,-0.6,97.6,-1.4,99.1,0.1,Lost W. Div. Semis,D. Motta (39-43),C. Walker?(9.8)
1968,NBA,CHI,33,49,0.402,5,-2.11,113.4,-3.5,92,-3.5,94,-1.5,,D. Motta (33-49),B. Boozer?(11.6)
1967,NBA,CHI,29,53,0.354,4,-3.76,115.7,-4.1,94.1,-2.7,97.5,0.7,Lost W. Div. Semis,R. Kerr (29-53),B. Boozer?(10.6)
1966,NBA,CHI,33,48,0.407,4,-3.37,122.2,0.6,92.3,-3.8,95.4,-0.7,Lost W. Div. Semis,R. Kerr (33-48),B. Boozer?(9.4)
2017,NBA,GSW,28,8,0.778,1,9.38,100.1,3,113.7,5.9,104,-3.8,,S. Kerr (28-8),K. Durant?(4.5)
2016,NBA,GSW,67,15,0.817,1,11.35,99.8,3.4,115.6,6.8,104,-4.8,Won Finals,S. Kerr (67-15),S. Curry?(12.6)
2015,NBA,GSW,73,9,0.89,1,10.38,99.3,3.5,114.5,8.1,103.8,-2.6,Lost Finals,S. Kerr (73-9),S. Curry?(17.9)
2014,NBA,GSW,67,15,0.817,1,10.01,98.3,4.4,111.6,6,101.4,-4.2,Won Finals,S. Kerr (67-15),S. Curry?(15.7)
2013,NBA,GSW,51,31,0.622,2,5.15,96.2,2.3,107.5,0.8,102.6,-4.1,Lost W. Conf. 1st Rnd.,M. Jackson (51-31),S. Curry?(13.4)
2012,NBA,GSW,47,35,0.573,2,1.32,94.5,2.5,106.4,0.5,105.5,-0.4,Lost W. Conf. Semis,M. Jackson (47-35),S. Curry?(11.2)
2011,NBA,GSW,23,43,0.348,4,-2.79,92.3,1,105.4,0.8,109.1,4.5,,M. Jackson (23-43),D. Lee?(5.0)
2010,NBA,GSW,36,46,0.439,3,-2,94.8,2.7,108.2,0.9,110.7,3.4,,K. Smart (36-46),S. Curry?(6.6)
2009,NBA,GSW,26,56,0.317,4,-3.28,100.4,7.7,108.1,0.5,111.7,4.1,,D. Nelson (26-56),C. Maggette?(6.3)
2008,NBA,GSW,29,53,0.354,3,-3.8,98.2,6.5,109.5,1.2,113.3,5,,D. Nelson (29-53),A. Biedrins?(5.4)
2007,NBA,GSW,48,34,0.585,3,2.38,98.8,6.4,111.8,4.3,109.5,2,,D. Nelson (48-34),M. Ellis?(9.0)
2006,NBA,GSW,42,40,0.512,3,0,99.2,7.3,107,0.5,107.4,0.9,Lost W. Conf. Semis,D. Nelson (42-40),A. Biedrins?(6.7)
2005,NBA,GSW,34,48,0.415,5,-1.11,93.3,2.8,104.8,-1.4,106.2,0,,M. Montgomery (34-48),J. Richardson?(7.3)
2004,NBA,GSW,34,48,0.415,5,-1.74,93.3,2.4,104.7,-1.4,106.9,0.8,,M. Montgomery (34-48),J. Richardson?(5.7)
2003,NBA,GSW,37,45,0.451,4,-0.07,89.8,-0.3,103,0.1,103.8,0.9,,E. Musselman (37-45),E. Dampier?(8.9)
2002,NBA,GSW,38,44,0.463,6,-0.6,94.2,3.2,108.3,4.7,109.5,5.9,,E. Musselman (38-44),A. Jamison?(8.5)
2001,NBA,GSW,21,61,0.256,7,-4.8,94.5,3.8,102.8,-1.7,108.5,4,,D. Cowens (8-15) B. Winters (13-46),A. Jamison?(6.4)
2000,NBA,GSW,17,65,0.207,7,-8.11,94.1,2.8,97.8,-5.2,107.4,4.4,,D. Cowens (17-65),A. Jamison?(6.7)
1999,NBA,GSW,19,63,0.232,6,-7.63,95.4,2.3,99.8,-4.3,108.4,4.3,,P. Carlesimo (6-21) G. St. Jean (13-42),D. Marshall?(3.8)
1998,NBA,GSW,21,29,0.42,6,-2.63,88.9,0,98.4,-3.8,101.1,-1.1,,P. Carlesimo (21-29),D. Marshall?(3.0)
1997,NBA,GSW,19,63,0.232,6,-9.2,91.4,1.1,95.8,-9.2,105.7,0.7,,P. Carlesimo (19-63),D. Marshall?(4.2)
1996,NBA,GSW,30,52,0.366,7,-4.9,91.9,1.8,107.2,0.5,112.2,5.5,,R. Adelman (30-52),L. Sprewell?(8.1)
1995,NBA,GSW,36,46,0.439,6,-1.42,93.4,1.6,108.4,0.8,109.9,2.3,,R. Adelman (36-46),B. Armstrong?(7.0)
1994,NBA,GSW,26,56,0.317,6,-4.9,97.9,5,106.7,-1.6,112.2,3.9,,D. Nelson (14-31) B. Lanier (12-25),T. Hardaway?(5.1)
1993,NBA,GSW,50,32,0.61,3,1.76,99.1,4,108.3,2,106.5,0.2,Lost W. Conf. 1st Rnd.,D. Nelson (50-32),L. Sprewell?(8.0)
1992,NBA,GSW,34,48,0.415,6,-0.94,99.5,2.7,109.2,1.2,110.2,2.2,,D. Nelson (34-48),T. Hardaway?(7.5)
1991,NBA,GSW,55,27,0.671,2,3.77,103.4,6.8,113.6,5.4,109.9,1.7,Lost W. Conf. 1st Rnd.,D. Nelson (55-27),C. Mullin?(10.8)
1990,NBA,GSW,44,38,0.537,4,1.72,103.6,5.8,111.9,4,110.3,2.4,Lost W. Conf. Semis,D. Nelson (44-38),C. Mullin?(12.2)
1989,NBA,GSW,37,45,0.451,5,-2.55,105.9,7.6,109.6,1.5,112.6,4.5,,D. Nelson (37-45),C. Mullin?(10.2)
1988,NBA,GSW,43,39,0.524,4,-0.59,107.3,6.7,107.4,-0.4,107.7,-0.1,Lost W. Conf. Semis,D. Nelson (43-39),C. Mullin?(10.6)
1987,NBA,GSW,20,62,0.244,5,-8.38,101.6,2,104.7,-3.3,112.9,4.9,,G. Karl (16-48) E. Gregory (4-14),R. Higgins?(5.7)
1986,NBA,GSW,42,40,0.512,3,-2.54,101.7,0.9,108.9,0.6,111.2,2.9,Lost W. Conf. Semis,G. Karl (42-40),S. Floyd?(10.0)
1985,NBA,GSW,30,52,0.366,6,-3.59,104.2,2.1,108.3,1.1,111.6,4.4,,J. Bach (30-52),S. Floyd?(7.5)
1984,NBA,GSW,22,60,0.268,6,-7.21,103.2,1.1,106,-1.9,113,5.1,,J. Bach (22-60),P. Short?(6.2)
1983,NBA,GSW,37,45,0.451,5,-3.35,103.3,1.9,105.5,-2.1,108.8,1.2,,J. Bach (37-45),P. Short?(6.0)
1982,NBA,GSW,30,52,0.366,5,-3.48,104,0.9,103.9,-0.8,107.4,2.7,,A. Attles (30-52),J. Carroll?(7.0)
1981,NBA,GSW,45,37,0.549,4,0.8,101.4,0.5,108.8,1.9,107.7,0.8,,A. Attles (45-37),B. King?(8.7)
1980,NBA,GSW,39,43,0.476,4,-1.41,101,-0.8,108.5,3,109.7,4.2,,A. Attles (39-43),B. King?(9.1)
1979,NBA,GSW,24,58,0.293,6,-4.2,100.5,-2.6,102,-3.3,106.3,1,,A. Attles (18-43) J. Bach (6-15),S. Parker?(6.8)
1978,NBA,GSW,38,44,0.463,6,0.46,102.2,-3.6,102.4,-1.4,102,-1.8,,A. Attles (38-44),J. Lucas?(7.9)
1977,NBA,GSW,43,39,0.524,5,0.41,106,-0.7,99.6,-1.3,99.3,-1.6,,A. Attles (43-39),R. Barry?(9.7)
1976,NBA,GSW,46,36,0.561,3,3.1,107.8,1.3,102.4,2.9,99.5,0,Lost W. Conf. Semis,A. Attles (46-36),R. Barry?(8.4)
1975,NBA,GSW,59,23,0.72,1,6.23,108.3,2.8,100.6,2.3,94.5,-3.8,Lost W. Conf. Finals,A. Attles (59-23),R. Barry?(9.6)
1974,NBA,GSW,48,34,0.585,1,2.86,107.6,3.1,100.4,2.7,97.3,-0.4,Won Finals,A. Attles (48-34),R. Barry?(12.7)
1973,NBA,GSW,44,38,0.537,2,2.42,108.9,1.1,100.8,3.1,98.4,0.7,,A. Attles (44-38),R. Barry?(10.4)
1972,NBA,GSW,47,35,0.573,2,3.12,112.2,1.5,96.8,0,94,-2.8,Lost W. Conf. Finals,A. Attles (47-35),R. Barry?(10.2)
1971,NBA,GSW,51,31,0.622,2,0.92,113,1,95.6,-2.3,94.9,-3,Lost W. Conf. Semis,A. Attles (51-31),J. Mullins?(9.9)
1970,NBA,SFW,41,41,0.5,2,-0.83,113.5,-1.6,94.2,-3,95.5,-1.7,Lost W. Conf. Semis,A. Attles (41-41),J. Lucas?(10.5)
1969,NBA,SFW,30,52,0.366,6,-4.15,116.3,-0.8,94.8,-4.2,98.6,-0.4,,G. Lee (22-30) A. Attles (8-22),J. Lucas?(7.6)
1968,NBA,SFW,41,41,0.5,3,-1.53,117.1,0.2,92.2,-3.3,93.5,-2,Lost W. Div. Semis,G. Lee (41-41),J. Mullins?(10.0)
1967,NBA,SFW,43,39,0.524,3,-0.66,123.6,3.8,94.1,-2.7,94.6,-2.2,Lost W. Div. Finals,B. Sharman (43-39),R. LaRusso?(8.6)
1966,NBA,SFW,44,37,0.543,1,2.58,127.4,5.8,95.3,-0.8,93.1,-3,Lost Finals,B. Sharman (44-37),R. Barry?(14.4)
1965,NBA,SFW,35,45,0.438,4,-2.36,124.6,3.2,92.6,-2.3,94.8,-0.1,,A. Hannum (35-45),R. Barry?(10.4)
1964,NBA,SFW,17,63,0.213,5,-5.49,119.7,2.4,87.7,-5.9,92.8,-0.8,,A. Hannum (17-63),W. Chamberlain?(7.5)
1963,NBA,SFW,48,32,0.6,1,4.41,115.1,1.9,93,-1.6,88.6,-6,Lost Finals,A. Hannum (48-32),W. Chamberlain?(25.0)
1962,NBA,SFW,31,49,0.388,4,-1.86,123.2,8.2,95.2,-0.7,96.8,0.9,,B. Feerick (31-49),W. Chamberlain?(20.9)
1961,NBA,PHW,49,31,0.613,2,2.63,131.1,9.8,94.5,0.9,92.4,-1.2,Lost E. Div. Finals,F. McGuire (49-31),W. Chamberlain?(23.1)
1960,NBA,PHW,46,33,0.582,2,0.89,132,8.5,91.2,-0.9,90.5,-1.6,Lost E. Div. Semis,N. Johnston (46-33),W. Chamberlain?(18.8)
1959,NBA,PHW,49,26,0.653,2,2.77,133.3,11,88.7,-2.4,86.8,-4.3,Lost E. Div. Finals,N. Johnston (49-26),W. Chamberlain?(17.0)
1958,NBA,PHW,32,40,0.444,4,-2.29,118.4,6.4,86.7,-3.5,89.3,-0.9,,A. Cervi (32-40),P. Arizin?(13.0)
1957,NBA,PHW,37,35,0.514,3,0.21,117.8,0.8,88.3,-0.5,88.4,-0.4,Lost E. Div. Finals,G. Senesky (37-35),N. Johnston?(11.3)
1956,NBA,PHW,37,35,0.514,3,1.54,108,3.1,92.4,3.5,90.9,2,Lost E. Div. Semis,G. Senesky (37-35),N. Johnston?(13.7)
1955,NBA,PHW,45,27,0.625,1,3.82,108.5,5.7,94.6,4.3,90.7,0.4,Won Finals,G. Senesky (45-27),N. Johnston?(13.9)
1954,NBA,PHW,33,39,0.458,4,-0.19,102.9,4.8,89.6,-0.2,89.9,0.1,,E. Gottlieb (33-39),N. Johnston?(15.4)
1953,NBA,PHW,29,43,0.403,4,-1.89,89.4,5.8,86.7,-0.8,89,1.5,,E. Gottlieb (29-43),N. Johnston?(18.3)
1952,NBA,PHW,12,57,0.174,5,-7.75,94.9,14.4,83.9,-4.1,91.4,3.7,,E. Gottlieb (12-57),N. Johnston?(15.3)
1951,NBA,PHW,33,33,0.5,4,-1.08,95.5,9.7,89.5,2.6,90.8,3.9,Lost E. Div. Semis,E. Gottlieb (33-33),P. Arizin?(16.0)
1950,NBA,PHW,40,26,0.606,1,3.4,99.3,13.8,84.8,-0.3,81,-4.1,Lost E. Div. Semis,E. Gottlieb (40-26),P. Arizin?(13.7)
1949,NBA,PHW,26,42,0.382,4,-2.27,,,,,,,Lost E. Div. Semis,E. Gottlieb (26-42),L. Mogus?(8.0)
1948,BAA,PHW,28,32,0.467,4,0.21,,,,,,,Lost E. Div. Semis,E. Gottlieb (28-32),E. Sadowski?(10.7)
1947,BAA,PHW,27,21,0.563,1,0.69,,,,,,,Lost Finals,E. Gottlieb (27-21),H. Dallmar?(7.0)
1946,BAA,PHW,35,25,0.583,2,3.16,,,,,,,Won Finals,E. Gottlieb (35-25),J. Fulks?(16.3)
2017,NBA,LAC,15,19,0.441,2,-1,96.8,-0.3,108.6,0.8,109.1,1.3,,D. Rivers (15-19),D. Jordan?(4.2)
2016,NBA,LAC,51,31,0.622,2,4.42,96.1,-0.3,112.7,3.9,108.2,-0.6,Lost W. Conf. 1st Rnd.,D. Rivers (51-31),D. Jordan?(11.8)
2015,NBA,LAC,53,29,0.646,2,4.13,95.8,0,108.3,1.9,103.8,-2.6,Lost W. Conf. 1st Rnd.,D. Rivers (53-29),C. Paul?(12.7)
2014,NBA,LAC,56,26,0.683,2,6.8,94.7,0.8,112.4,6.8,105.5,-0.1,Lost W. Conf. Semis,D. Rivers (56-26),C. Paul?(16.1)
2013,NBA,LAC,57,25,0.695,1,7.27,95.9,2,112.1,5.4,104.8,-1.9,Lost W. Conf. Semis,D. Rivers (57-25),B. Griffin?(12.2)
2012,NBA,LAC,56,26,0.683,1,6.43,91.1,-0.9,110.6,4.7,103.6,-2.3,Lost W. Conf. 1st Rnd.,V. Del Negro (56-26),C. Paul?(13.9)
2011,NBA,LAC,40,26,0.606,2,2.82,89.2,-2.1,108.5,3.9,105.7,1.1,Lost W. Conf. Semis,V. Del Negro (40-26),C. Paul?(12.7)
2010,NBA,LAC,32,50,0.39,4,-2.71,92.8,0.7,105.3,-2,108.7,1.4,,V. Del Negro (32-50),B. Griffin?(9.8)
2009,NBA,LAC,29,53,0.354,3,-6.01,92.6,-0.1,103.3,-4.3,110.1,2.5,,M. Dunleavy (21-28) K. Hughes (8-25),M. Camby?(4.6)
2008,NBA,LAC,19,63,0.232,4,-8.47,92.1,0.4,102.3,-6,111.7,3.4,,M. Dunleavy (19-63),M. Camby?(5.2)
2007,NBA,LAC,23,59,0.28,5,-6.56,92.1,-0.3,101.2,-6.3,109.1,1.6,,M. Dunleavy (23-59),C. Maggette?(6.9)
2006,NBA,LAC,40,42,0.488,4,-0.07,90.8,-1.1,105.1,-1.4,105.6,-0.9,,M. Dunleavy (40-42),E. Brand?(11.5)
2005,NBA,LAC,47,35,0.573,2,1.75,91.7,1.2,105.3,-0.9,103.6,-2.6,Lost W. Conf. Semis,M. Dunleavy (47-35),E. Brand?(14.8)
2004,NBA,LAC,37,45,0.451,3,-0.47,89.1,-1.8,105.5,-0.6,106.4,0.3,,M. Dunleavy (37-45),E. Brand?(10.6)
2003,NBA,LAC,28,54,0.341,7,-3.74,91,0.9,103.5,0.6,108.5,5.6,,M. Dunleavy (28-54),E. Brand?(9.7)
2002,NBA,LAC,27,55,0.329,7,-3.45,91.3,0.3,102.3,-1.3,106.8,3.2,,A. Gentry (19-39) D. Johnson (8-16),E. Brand?(7.6)
2001,NBA,LAC,39,43,0.476,5,-0.09,90.1,-0.6,105.5,1,106,1.5,,A. Gentry (39-43),E. Brand?(13.6)
2000,NBA,LAC,31,51,0.378,6,-2.23,89.6,-1.7,101.3,-1.7,104.5,1.5,,A. Gentry (31-51),J. McInnis?(6.9)
1999,NBA,LAC,15,67,0.183,7,-10.73,93.9,0.8,97.8,-6.3,110.1,6,,C. Ford (11-34) J. Todd (4-33),D. Anderson?(3.3)
1998,NBA,LAC,9,41,0.18,7,-8.94,89.5,0.6,100,-2.2,109.7,7.5,,C. Ford (9-41),T. Nesby?(3.1)
1997,NBA,LAC,17,65,0.207,7,-7.53,92.4,2.1,103.3,-1.7,111.2,6.2,,B. Fitch (17-65),L. Murray?(4.9)
1996,NBA,LAC,36,46,0.439,5,-2.66,91.3,1.2,105.1,-1.6,107.6,0.9,Lost W. Conf. 1st Rnd.,B. Fitch (36-46),L. Vaught?(6.3)
1995,NBA,LAC,29,53,0.354,7,-3.46,93.2,1.4,106.5,-1.1,110.3,2.7,,B. Fitch (29-53),L. Vaught?(6.3)
1994,NBA,LAC,17,65,0.207,7,-8.43,94.3,1.4,101.5,-6.8,111.1,2.8,,B. Fitch (17-65),L. Vaught?(5.5)
1993,NBA,LAC,27,55,0.329,7,-5.28,99.6,4.5,102.9,-3.4,108.6,2.3,,B. Weiss (27-55),L. Vaught?(5.5)
1992,NBA,LAC,41,41,0.5,4,0.33,99.1,2.3,107.4,-0.6,107.1,-0.9,Lost W. Conf. 1st Rnd.,L. Brown (41-41),M. Jackson?(7.9)
1991,NBA,LAC,45,37,0.549,5,1.1,96.5,-0.1,105.8,-2.4,104.7,-3.5,Lost W. Conf. 1st Rnd.,M. Schuler (21-24) M. Calvin (1-1) L. Brown (23-12),D. Manning?(9.8)
1990,NBA,LAC,31,51,0.378,6,-3.16,99.9,2.1,103,-4.9,106.5,-1.4,,M. Schuler (31-51),C. Smith?(7.4)
1989,NBA,LAC,30,52,0.366,6,-2.8,99.2,0.9,104,-4.1,107.4,-0.7,,D. Casey (30-52),C. Smith?(9.4)
1988,NBA,LAC,21,61,0.256,7,-9.5,104.4,3.8,100.8,-7,110.2,2.4,,G. Shue (10-28) D. Casey (11-33),B. Benjamin?(5.1)
1987,NBA,LAC,17,65,0.207,6,-10.24,100.8,1.2,97.4,-10.6,107.6,-0.4,,G. Shue (17-65),M. Cage?(6.7)
1986,NBA,LAC,12,70,0.146,6,-11,102.7,1.9,101.2,-7.1,112.3,4,,D. Chaney (12-70),M. Cage?(7.2)
1985,NBA,LAC,32,50,0.39,4,-6.83,102.7,0.6,105.4,-1.8,112.1,4.9,,D. Chaney (32-50),M. Johnson?(5.9)
1984,NBA,LAC,31,51,0.378,5,-4.55,100.9,-1.2,105.8,-2.1,110.3,2.4,,J. Lynam (22-39) D. Chaney (9-12),D. Smith?(8.0)
1983,NBA,SDC,30,52,0.366,6,-3.21,101.1,-0.3,109.2,1.6,112.4,4.8,,J. Lynam (30-52),T. Cummings?(7.5)
1982,NBA,SDC,25,57,0.305,6,-4.61,103,-0.1,104.7,0,109.3,4.6,,P. Silas (25-57),T. Cummings?(8.7)
1981,NBA,SDC,17,65,0.207,6,-7.05,101.4,0.5,106.6,-0.3,113.8,6.9,,P. Silas (17-65),J. Whitehead?(5.3)
1980,NBA,SDC,36,46,0.439,5,-1.78,100.2,-1.6,106,0.5,107.6,2.1,,P. Silas (36-46),S. Nater?(8.6)
1979,NBA,SDC,35,47,0.427,5,-3.97,101.4,-1.7,105.7,0.4,109.8,4.5,,G. Shue (35-47),W. Free?(8.0)
1978,NBA,SDC,43,39,0.524,5,-1.76,106.3,0.5,106.2,2.4,107.9,4.1,,G. Shue (43-39),W. Free?(10.1)
1977,NBA,BUF,27,55,0.329,4,-3.55,104.3,-2.4,100.3,-0.6,103.8,2.9,,C. Fitzsimmons (27-55),R. Smith?(7.9)
1976,NBA,BUF,30,52,0.366,4,-4.28,107.3,0.8,97.6,-1.9,101.8,2.3,,T. Locke (16-30) B. MacKinnon (3-4) J. Mullaney (11-18),A. Dantley?(9.8)
1975,NBA,BUF,46,36,0.561,3,0.85,108.2,2.7,99,0.7,98.2,-0.1,Lost E. Conf. Semis,J. Ramsay (46-36),B. McAdoo?(12.3)
1974,NBA,BUF,49,33,0.598,2,2.16,107.7,3.2,99.8,2.1,97.8,0.1,Lost E. Conf. Semis,J. Ramsay (49-33),B. McAdoo?(17.8)
1973,NBA,BUF,42,40,0.512,3,-0.19,111.6,3.8,99.3,1.6,99.4,1.7,Lost E. Conf. Semis,J. Ramsay (42-40),B. McAdoo?(15.3)
1972,NBA,BUF,21,61,0.256,3,-8.85,110.9,0.2,92.9,-3.9,101.2,4.4,,J. Ramsay (21-61),B. Kauffman?(7.9)
1971,NBA,BUF,22,60,0.268,4,-9.44,108.3,-3.7,93.6,-4.3,102.1,4.2,,D. Schayes (0-1) J. McCarthy (22-59),B. Kauffman?(8.0)
1970,NBA,BUF,22,60,0.268,4,-8.02,111.9,-3.2,93.7,-3.5,99.6,2.4,,D. Schayes (22-60),B. Kauffman?(7.9)
2017,NBA,PHO,14,23,0.378,3,-6.96,100.4,3.3,105,-2.8,111.3,3.5,,E. Watson (0-3) J. Triano (14-20),A. Len?(2.3)
2016,NBA,PHO,24,58,0.293,5,-5.14,100.3,3.9,106.6,-2.2,112.2,3.4,,E. Watson (24-58),E. Bledsoe?(5.3)
2015,NBA,PHO,23,59,0.28,4,-6.32,98.5,2.7,102.2,-4.2,109,2.6,,J. Hornacek (14-35) E. Watson (9-24),M. Teletovic?(3.8)
2014,NBA,PHO,39,43,0.476,3,-0.38,96.3,2.4,105.3,-0.3,106.2,0.6,,J. Hornacek (39-43),E. Bledsoe?(7.0)
2013,NBA,PHO,48,34,0.585,3,3.02,95.8,1.9,109.5,2.8,106.7,0,,J. Hornacek (48-34),G. Dragic?(10.3)
2012,NBA,PHO,25,57,0.305,5,-5.75,93.4,1.4,101.2,-4.7,108.1,2.2,,A. Gentry (13-28) L. Hunter (12-29),G. Dragic?(5.7)
2011,NBA,PHO,33,33,0.5,3,0.29,92.6,1.3,106.2,1.6,106.5,1.9,,A. Gentry (33-33),M. Gortat?(7.6)
2010,NBA,PHO,40,42,0.488,2,-0.46,94.4,2.3,109.5,2.2,110.4,3.1,,A. Gentry (40-42),S. Nash?(7.9)
2009,NBA,PHO,54,28,0.659,2,4.67,95.3,2.6,115.3,7.7,110.2,2.6,Lost W. Conf. Finals,A. Gentry (54-28),A. Stoudemire?(10.7)
2008,NBA,PHO,46,36,0.561,2,1.62,96,4.3,113.6,5.3,111.6,3.3,,T. Porter (28-23) A. Gentry (18-13),S. O'Neal?(7.8)
2007,NBA,PHO,55,27,0.671,2,5.14,96.7,4.3,113.3,5.8,108.1,0.6,Lost W. Conf. 1st Rnd.,M. D'Antoni (55-27),A. Stoudemire?(14.6)
2006,NBA,PHO,61,21,0.744,1,7.28,95.6,3.7,113.9,7.4,106.4,-0.1,Lost W. Conf. Semis,M. D'Antoni (61-21),S. Nash?(12.6)
2005,NBA,PHO,54,28,0.659,1,5.48,95.8,5.3,111.5,5.3,105.8,-0.4,Lost W. Conf. Finals,M. D'Antoni (54-28),S. Marion?(14.6)
2004,NBA,PHO,62,20,0.756,1,7.08,95.9,5,114.5,8.4,107.1,1,Lost W. Conf. Finals,M. D'Antoni (62-20),A. Stoudemire?(14.6)
2003,NBA,PHO,29,53,0.354,6,-2.94,92.6,2.5,101.4,-1.5,105.5,2.6,,F. Johnson (8-13) M. D'Antoni (21-40),S. Marion?(9.1)
2002,NBA,PHO,44,38,0.537,4,1.57,91.5,0.5,103.7,0.1,102.5,-1.1,Lost W. Conf. 1st Rnd.,F. Johnson (44-38),S. Marion?(13.0)
2001,NBA,PHO,36,46,0.439,6,-0.3,91.4,0.7,103.3,-1.2,104,-0.5,,S. Skiles (25-26) F. Johnson (11-20),S. Marion?(9.8)
2000,NBA,PHO,51,31,0.622,3,2.63,93.1,1.8,100.3,-2.7,98,-5,Lost W. Conf. 1st Rnd.,S. Skiles (51-31),S. Marion?(11.7)
1999,NBA,PHO,53,29,0.646,3,5.24,94,0.9,104.6,0.5,99,-5.1,Lost W. Conf. Semis,D. Ainge (13-7) S. Skiles (40-22),C. Robinson?(9.6)
1998,NBA,PHO,27,23,0.54,3,2.15,90,1.1,105.8,3.6,103.3,1.1,Lost W. Conf. 1st Rnd.,D. Ainge (27-23),J. Kidd?(8.1)
1997,NBA,PHO,56,26,0.683,3,4.44,91.4,1.1,107.4,2.4,101.8,-3.2,Lost W. Conf. 1st Rnd.,D. Ainge (56-26),A. McDyess?(9.4)
1996,NBA,PHO,40,42,0.488,4,0.21,93.2,3.1,109.3,2.6,108.6,1.9,Lost W. Conf. 1st Rnd.,C. Fitzsimmons (0-8) D. Ainge (40-34),K. Johnson?(11.7)
1995,NBA,PHO,41,41,0.5,4,0.28,93.2,1.4,110.3,2.7,110,2.4,Lost W. Conf. 1st Rnd.,P. Westphal (14-19) C. Fitzsimmons (27-22),C. Barkley?(10.5)
1994,NBA,PHO,59,23,0.72,1,3.86,95.9,3,114.5,6.2,110.4,2.1,Lost W. Conf. Semis,P. Westphal (59-23),C. Barkley?(10.6)
1993,NBA,PHO,56,26,0.683,2,4.68,96.7,1.6,111.7,5.4,106.8,0.5,Lost W. Conf. Semis,P. Westphal (56-26),A. Green?(9.3)
1992,NBA,PHO,62,20,0.756,1,6.27,99.8,3,113.3,5.3,106.7,-1.3,Lost Finals,P. Westphal (62-20),C. Barkley?(14.4)
1991,NBA,PHO,53,29,0.646,3,5.68,99.4,2.8,112.1,3.9,106.2,-2,Lost W. Conf. Semis,C. Fitzsimmons (53-29),J. Hornacek?(11.6)
1990,NBA,PHO,55,27,0.671,3,6.49,101,3.2,112.6,4.7,106.1,-1.8,Lost W. Conf. 1st Rnd.,C. Fitzsimmons (55-27),K. Johnson?(12.7)
1989,NBA,PHO,54,28,0.659,3,7.09,100.7,2.4,113.1,5,106.2,-1.9,Lost W. Conf. Finals,C. Fitzsimmons (54-28),K. Johnson?(11.6)
1988,NBA,PHO,55,27,0.671,2,6.84,104.5,3.9,113.1,5.3,105.7,-2.1,Lost W. Conf. Finals,C. Fitzsimmons (55-27),K. Johnson?(12.2)
1987,NBA,PHO,28,54,0.341,4,-4.8,101.2,1.6,107,-1,111.4,3.4,,J. Wetzel (28-54),J. Hornacek?(5.0)
1986,NBA,PHO,36,46,0.439,5,-2.63,102,1.2,108,-0.3,110.3,2,,J. MacLeod (22-34) D. Van Arsdale (14-12),L. Nance?(10.2)
1985,NBA,PHO,32,50,0.39,3,-3.16,104.8,2.7,104.3,-2.9,107.2,0,,J. MacLeod (32-50),L. Nance?(8.4)
1984,NBA,PHO,36,46,0.439,3,-2.34,102.5,0.4,104.7,-3.2,106.8,-1.1,Lost W. Conf. 1st Rnd.,J. MacLeod (36-46),L. Nance?(7.9)
1983,NBA,PHO,41,41,0.5,4,0.65,101.4,0,108.9,1.3,108,0.4,Lost W. Conf. Finals,J. MacLeod (41-41),L. Nance?(9.8)
1982,NBA,PHO,53,29,0.646,2,4.61,101.6,-1.5,105.1,0.4,100.1,-4.6,Lost W. Conf. 1st Rnd.,J. MacLeod (53-29),L. Nance?(10.5)
1981,NBA,PHO,46,36,0.561,3,3.05,99.5,-1.4,105.8,-1.1,102.4,-4.5,Lost W. Conf. Semis,J. MacLeod (46-36),K. Macy?(9.2)
1980,NBA,PHO,57,25,0.695,1,4.83,104.7,2.9,104.6,-0.9,99.4,-6.1,Lost W. Conf. Semis,J. MacLeod (57-25),D. Johnson?(8.4)
1979,NBA,PHO,55,27,0.671,3,3.25,104.8,1.7,105.6,0.3,102.2,-3.1,Lost W. Conf. Semis,J. MacLeod (55-27),P. Westphal?(10.5)
1978,NBA,PHO,50,32,0.61,2,3.55,108.5,2.7,105.7,1.9,102.4,-1.4,Lost W. Conf. Finals,J. MacLeod (50-32),P. Westphal?(10.4)
1977,NBA,PHO,49,33,0.598,2,3.5,111.4,4.7,100.3,-0.6,97,-3.9,Lost W. Conf. 1st Rnd.,J. MacLeod (49-33),W. Davis?(10.1)
1976,NBA,PHO,34,48,0.415,5,0.64,106.6,0.1,98.1,-1.4,97.5,-2,,J. MacLeod (34-48),P. Westphal?(9.6)
1975,NBA,PHO,42,40,0.512,3,0.59,105.6,0.1,98.5,0.2,97.9,-0.4,Lost Finals,J. MacLeod (42-40),P. Westphal?(9.6)
1974,NBA,PHO,32,50,0.39,4,-2.36,104.3,-0.2,96.4,-1.3,98.6,0.9,,J. MacLeod (32-50),C. Perry?(7.6)
1973,NBA,PHO,30,52,0.366,4,-3.2,109.6,1.8,98.1,0.4,101.3,3.6,,J. MacLeod (30-52),D. Van Arsdale?(7.0)
1972,NBA,PHO,38,44,0.463,3,-0.96,113,2.3,98.4,1.6,99.5,2.7,,B. Van Breda Kolff (3-4) J. Colangelo (35-40),D. Van Arsdale?(8.7)
1971,NBA,PHO,49,33,0.598,3,5.57,113.7,1.7,101.3,3.4,96.5,-1.4,,C. Fitzsimmons (49-33),P. Silas?(11.0)
1970,NBA,PHO,48,34,0.585,3,2.33,115.3,0.2,98.2,1,96.6,-0.6,,C. Fitzsimmons (48-34),D. Van Arsdale?(10.2)
1969,NBA,PHO,39,43,0.476,4,-1.66,116.7,-0.4,101.6,2.6,103.1,4.1,Lost W. Div. Semis,R. Kerr (15-23) J. Colangelo (24-20),C. Hawkins?(10.2)
1968,NBA,PHO,16,66,0.195,7,-8.26,118.4,1.5,93.8,-1.7,101.1,5.6,,R. Kerr (16-66),D. Van Arsdale?(5.6)
2017,NBA,SAC,12,23,0.343,4,-8.02,94.2,-2.9,102.7,-5.1,111.7,3.9,,D. Joerger (12-23),Z. Randolph?(1.7)
2016,NBA,SAC,32,50,0.39,3,-3.29,94.9,-1.5,107.3,-1.5,111.3,2.5,,D. Joerger (32-50),D. Cousins?(6.0)
2015,NBA,SAC,33,49,0.402,3,-2.32,100,4.2,106,-0.4,108.4,2,,G. Karl (33-49),D. Cousins?(5.7)
2014,NBA,SAC,29,53,0.354,4,-3.07,95.4,1.5,105.3,-0.3,109.2,3.6,,M. Malone (11-13) T. Corbin (7-21) G. Karl (11-19),R. Gay?(6.1)
2013,NBA,SAC,28,54,0.341,4,-2.08,94.4,0.5,105.7,-1,108.8,2.1,,M. Malone (28-54),D. Cousins?(7.9)
2012,NBA,SAC,28,54,0.341,4,-4.26,93.6,1.6,106.2,0.3,111.4,5.5,,K. Smart (28-54),I. Thomas?(5.0)
2011,NBA,SAC,22,44,0.333,5,-4.95,94.7,3.4,103.8,-0.8,109.8,5.2,,P. Westphal (2-5) K. Smart (20-39),I. Thomas?(4.3)
2010,NBA,SAC,24,58,0.293,5,-4.8,95.2,3.1,103.5,-3.8,109,1.7,,P. Westphal (24-58),B. Udrih?(7.2)
2009,NBA,SAC,25,57,0.305,5,-4.06,94,1.3,105.3,-2.3,109.9,2.3,,P. Westphal (25-57),B. Udrih?(5.5)
2008,NBA,SAC,17,65,0.207,5,-8.6,94.2,2.5,105.5,-2.8,114.7,6.4,,R. Theus (6-18) K. Natt (11-47),K. Martin?(4.7)
2007,NBA,SAC,38,44,0.463,4,-1.86,94.7,2.3,107.5,0,109.9,2.4,,R. Theus (38-44),K. Martin?(8.4)
2006,NBA,SAC,33,49,0.402,5,-1.35,94.8,2.9,106.2,-0.3,108,1.5,,E. Musselman (33-49),K. Martin?(10.2)
2005,NBA,SAC,44,38,0.537,4,1.61,91.9,1.4,106.7,0.5,105,-1.2,Lost W. Conf. 1st Rnd.,R. Adelman (44-38),B. Miller?(9.1)
2004,NBA,SAC,50,32,0.61,2,2.56,93,2.1,110.5,4.4,108.2,2.1,Lost W. Conf. 1st Rnd.,R. Adelman (50-32),B. Miller?(8.6)
2003,NBA,SAC,55,27,0.671,2,5.41,92.8,2.7,110.3,7.4,104.9,2,Lost W. Conf. Semis,R. Adelman (55-27),P. Stojakovic?(13.5)
2002,NBA,SAC,59,23,0.72,1,6.68,95.4,4.4,105.9,2.3,99.1,-4.5,Lost W. Conf. Semis,R. Adelman (59-23),P. Stojakovic?(10.1)
2001,NBA,SAC,61,21,0.744,1,7.61,95.6,4.9,109,4.5,101.1,-3.4,Lost W. Conf. Finals,R. Adelman (61-21),P. Stojakovic?(9.9)
2000,NBA,SAC,55,27,0.671,2,6.07,94.4,3.1,105.6,2.6,99.6,-3.4,Lost W. Conf. Semis,R. Adelman (55-27),C. Webber?(11.0)
1999,NBA,SAC,44,38,0.537,5,3.04,99.3,6.2,105,0.9,102.1,-2,Lost W. Conf. 1st Rnd.,R. Adelman (44-38),C. Webber?(10.7)
1998,NBA,SAC,27,23,0.54,4,-0.89,96,7.1,102.7,0.5,103.1,0.9,Lost W. Conf. 1st Rnd.,R. Adelman (27-23),V. Divac?(5.2)
1997,NBA,SAC,27,55,0.329,5,-5.83,92.1,1.8,100.8,-4.2,106.9,1.9,,E. Jordan (27-55),M. Richmond?(7.9)
1996,NBA,SAC,34,48,0.415,6,-3.64,91,0.9,105,-1.7,108.7,2,,G. St. Jean (28-39) E. Jordan (6-9),M. Richmond?(10.8)
1995,NBA,SAC,39,43,0.476,5,-2.62,93.4,1.6,106.2,-1.4,109.1,1.5,Lost W. Conf. 1st Rnd.,G. St. Jean (39-43),M. Richmond?(9.3)
1994,NBA,SAC,39,43,0.476,5,-0.74,92.3,-0.6,105.5,-2.8,106.5,-1.8,,G. St. Jean (39-43),M. Richmond?(8.0)
1993,NBA,SAC,28,54,0.341,6,-5.32,97.5,2.4,103.3,-3,109.2,2.9,,G. St. Jean (28-54),M. Richmond?(6.4)
1992,NBA,SAC,25,57,0.305,7,-3,100.8,4,106.5,-1.5,109.6,1.6,,G. St. Jean (25-57),W. Tisdale?(4.5)
1991,NBA,SAC,29,53,0.354,7,-5.63,99.6,3,103.9,-4.3,109.9,1.7,,D. Motta (7-18) R. Hughes (22-35),M. Richmond?(4.9)
1990,NBA,SAC,25,57,0.305,7,-6.27,94.7,-3.1,102,-5.9,109.1,1.2,,D. Motta (25-57),A. Carr?(5.4)
1989,NBA,SAC,23,59,0.28,7,-4.41,96.7,-1.6,104.8,-3.3,110,1.9,,J. Reynolds (7-21) D. Motta (16-38),R. McCray?(7.9)
1988,NBA,SAC,27,55,0.329,6,-5.35,100.5,-0.1,104.5,-3.3,110,2.2,,J. Reynolds (27-55),H. Pressley?(4.8)
1987,NBA,SAC,24,58,0.293,6,-5.84,100.9,1.3,106.5,-1.5,112.1,4.1,,B. Russell (17-41) J. Reynolds (7-17),O. Thorpe?(8.1)
1986,NBA,SAC,29,53,0.354,5,-3.34,101.3,0.5,108.9,0.6,112.1,3.8,,P. Johnson (14-32) J. Reynolds (15-21),O. Thorpe?(9.0)
1985,NBA,SAC,37,45,0.451,5,-3.19,102,-0.1,106.2,-1,109.2,2,Lost W. Conf. 1st Rnd.,P. Johnson (37-45),R. Theus?(6.4)
1984,NBA,KCK,31,51,0.378,6,-2.71,104.4,2.3,109.5,1.6,112.1,4.2,,J. McKinney (1-8) P. Johnson (30-43),L. Thompson?(5.3)
1983,NBA,KCK,38,44,0.463,4,-1.62,102.9,1.5,106.5,-1.1,108,0.4,Lost W. Conf. 1st Rnd.,C. Fitzsimmons (38-44),E. Johnson?(5.6)
1982,NBA,KCK,45,37,0.549,3,1.04,106.6,3.5,106.2,1.5,104.9,0.2,,C. Fitzsimmons (45-37),M. Woodson?(7.8)
1981,NBA,KCK,30,52,0.366,4,-3.25,101.8,0.9,104.2,-2.7,107.2,0.3,,C. Fitzsimmons (30-52),M. Woodson?(5.3)
1980,NBA,KCK,40,42,0.488,2,-0.49,101.3,-0.5,104.7,-0.8,104.7,-0.8,Lost W. Conf. Finals,C. Fitzsimmons (40-42),R. King?(8.3)
1979,NBA,KCK,47,35,0.573,2,2.82,103.2,0.1,104,-1.3,101,-4.3,Lost W. Conf. 1st Rnd.,C. Fitzsimmons (47-35),O. Birdsong?(8.6)
1978,NBA,KCK,48,34,0.585,1,2.73,107.3,1.5,104.5,0.7,101.9,-1.9,Lost W. Conf. Semis,C. Fitzsimmons (48-34),O. Birdsong?(8.8)
1977,NBA,KCK,31,51,0.378,5,-1.76,108.2,1.5,100.5,-0.4,102.2,1.3,,P. Johnson (13-24) L. Staverman (18-27),S. Wedman?(7.8)
1976,NBA,KCK,40,42,0.488,4,0.93,106.4,-0.1,100.5,1,99.6,0.1,,P. Johnson (40-42),R. Boone?(8.1)
1975,NBA,KCK,31,51,0.378,3,-2.83,105.7,0.2,97.4,-0.9,100.1,1.8,,P. Johnson (31-51),T. Archibald?(8.0)
1974,NBA,KCO,44,38,0.537,2,-0.16,104.4,-0.1,96.8,-0.9,97.1,-0.6,Lost W. Conf. Semis,P. Johnson (44-38),T. Archibald?(11.2)
1973,NBA,KCO,33,49,0.402,4,-3.24,106.1,-1.7,96,-1.7,99.5,1.8,,B. Cousy (6-14) D. Young (0-4) P. Johnson (27-31),S. Lacey?(7.7)
1972,NBA,KCO,36,46,0.439,4,-2.36,107.3,-3.4,99.7,2.9,102.4,5.6,,B. Cousy (36-46),T. Archibald?(14.2)
1971,NBA,CIN,30,52,0.366,3,-4.13,109.5,-2.5,98,0.1,101.6,3.7,,B. Cousy (30-52),T. Archibald?(12.9)
1970,NBA,CIN,33,49,0.402,3,-2.96,118.5,3.4,97.1,-0.1,99.8,2.6,,B. Cousy (33-49),J. Green?(9.5)
1969,NBA,CIN,36,46,0.439,5,-2.55,118.5,1.4,98,-1,100.4,1.4,,B. Cousy (36-46),O. Robertson?(11.4)
1968,NBA,CIN,41,41,0.5,5,-0.83,113.6,-3.3,100.2,4.7,101.1,5.6,,E. Jucker (41-41),O. Robertson?(12.9)
1967,NBA,CIN,39,43,0.476,5,-0.64,114.6,-5.2,101.1,4.3,101.8,5,,E. Jucker (39-43),O. Robertson?(12.3)
1966,NBA,CIN,39,42,0.481,3,-0.23,118.6,-3,98.4,2.3,98.6,2.5,Lost E. Div. Semis,J. McMahon (39-42),O. Robertson?(17.4)
1965,NBA,CIN,45,35,0.563,3,1.03,120.4,-1,97.5,2.6,96.5,1.6,Lost E. Div. Semis,J. McMahon (45-35),O. Robertson?(16.9)
1964,NBA,CIN,48,32,0.6,2,2.04,115.8,-1.5,98,4.4,96,2.4,Lost E. Div. Semis,J. McMahon (48-32),O. Robertson?(17.0)
1963,NBA,CIN,55,25,0.688,2,4.43,115.9,2.7,98.9,4.3,94.5,-0.1,Lost E. Div. Finals,J. McMahon (55-25),O. Robertson?(20.6)
1962,NBA,CIN,42,38,0.525,3,1.24,119,4,99.4,3.5,98.3,2.4,Lost E. Div. Finals,C. Wolf (42-38),O. Robertson?(16.8)
1961,NBA,CIN,43,37,0.538,2,1.28,124.9,3.6,98.3,4.7,96.9,3.3,Lost W. Div. Semis,C. Wolf (43-37),O. Robertson?(15.6)
1960,NBA,CIN,33,46,0.418,4,-3.04,122.8,-0.7,95.6,3.5,98.4,6.3,,C. Wolf (33-46),O. Robertson?(13.2)
1959,NBA,CIN,19,56,0.253,4,-5.92,121.6,-0.7,91.3,0.2,96.5,5.4,,T. Marshall (19-56),J. Twyman?(8.3)
1958,NBA,CIN,19,53,0.264,4,-7.89,116.4,4.4,87.5,-2.7,95,4.8,,B. Wanzer (3-15) T. Marshall (16-38),J. Twyman?(7.3)
1957,NBA,CIN,33,39,0.458,3,-1.47,117.3,0.3,86.5,-2.3,87.6,-1.2,Lost W. Div. Semis,B. Wanzer (33-39),C. Lovellette?(10.1)
1956,NBA,ROC,31,41,0.431,4,-2.08,109.4,4.5,84.9,-4,86.9,-2,,B. Wanzer (31-41),J. Twyman?(8.8)
1955,NBA,ROC,31,41,0.431,4,-2.61,111.7,8.9,85.3,-5,87.9,-2.4,,B. Wanzer (31-41),M. Stokes?(6.0)
1954,NBA,ROC,29,43,0.403,3,-1.43,99.5,1.4,90.7,0.9,92.3,2.5,Lost W. Div. Semis,L. Harrison (29-43),J. Coleman?(6.2)
1953,NBA,ROC,44,28,0.611,2,2.24,90.9,7.3,86.6,-0.9,84,-3.5,Lost W. Div. Finals,L. Harrison (44-28),B. Wanzer?(9.1)
1952,NBA,ROC,44,26,0.629,2,2.62,94.1,13.6,89.8,1.8,86.9,-0.8,Lost W. Div. Semis,L. Harrison (44-26),B. Wanzer?(7.9)
1951,NBA,ROC,41,25,0.621,1,2.92,92.7,6.9,91.6,4.7,88.1,1.2,Lost W. Div. Finals,L. Harrison (41-25),B. Wanzer?(11.4)
1950,NBA,ROC,41,27,0.603,2,2.54,92.3,6.8,89.3,4.2,86.2,1.1,Won Finals,L. Harrison (41-27),A. Risen?(9.3)
1949,NBA,ROC,51,17,0.75,2,7.72,,,,,,,Lost Central Div. Semis,L. Harrison (51-17),B. Wanzer?(10.5)
1948,BAA,ROC,45,15,0.75,1,6.12,,,,,,,Lost W. Div. Finals,L. Harrison (45-15),A. Risen?(10.6)
2017,NBA,LAL,11,23,0.324,5,-3.15,101.7,4.6,103.3,-4.5,107,-0.8,,L. Walton (11-23),K. Kuzma?(2.4)
2016,NBA,LAL,26,56,0.317,4,-6.29,98.5,2.1,106,-2.8,113,4.2,,L. Walton (26-56),L. Williams?(4.9)
2015,NBA,LAL,17,65,0.207,5,-8.92,95.6,-0.2,101.6,-4.8,111.6,5.2,,B. Scott (17-65),L. Williams?(4.7)
2014,NBA,LAL,21,61,0.256,5,-6.17,94,0.1,103.4,-2.2,110.6,5,,B. Scott (21-61),E. Davis?(6.3)
2013,NBA,LAL,27,55,0.329,5,-5.33,98.7,4.8,104.2,-2.5,110.6,3.9,,M. D'Antoni (27-55),J. Meeks?(4.5)
2012,NBA,LAL,45,37,0.549,3,1.48,94.4,2.4,107.8,1.9,106.6,0.7,Lost W. Conf. 1st Rnd.,M. Brown (1-4) B. Bickerstaff (4-1) M. D'Antoni (40-32),K. Bryant?(10.9)
2011,NBA,LAL,41,25,0.621,1,1.96,90.5,-0.8,106,1.4,104.4,-0.2,Lost W. Conf. Semis,M. Brown (41-25),P. Gasol?(8.3)
2010,NBA,LAL,57,25,0.695,1,6.01,90.7,-1.4,111,3.7,104.3,-3,Lost W. Conf. Semis,P. Jackson (57-25),P. Gasol?(14.7)
2009,NBA,LAL,57,25,0.695,1,4.78,92.8,0.1,108.8,1.2,103.7,-3.9,Won Finals,P. Jackson (57-25),P. Gasol?(11.0)
2008,NBA,LAL,65,17,0.793,1,7.11,94.3,2.6,112.8,4.5,104.7,-3.6,Won Finals,P. Jackson (65-17),P. Gasol?(13.9)
2007,NBA,LAL,57,25,0.695,1,7.34,95.6,3.2,113,5.5,105.5,-2,Lost Finals,P. Jackson (57-25),K. Bryant?(13.8)
2006,NBA,LAL,42,40,0.512,2,0.24,93.5,1.6,108.6,2.1,108.6,2.1,Lost W. Conf. 1st Rnd.,P. Jackson (42-40),K. Bryant?(13.0)
2005,NBA,LAL,45,37,0.549,3,2.53,90.9,0.4,108.4,2.2,105.7,-0.5,Lost W. Conf. 1st Rnd.,P. Jackson (45-37),K. Bryant?(15.3)
2004,NBA,LAL,34,48,0.415,4,-2.32,90.8,-0.1,108.1,2,111.4,5.3,,R. Tomjanovich (24-19) F. Hamblen (10-29),K. Bryant?(8.1)
2003,NBA,LAL,56,26,0.683,1,4.35,92.3,2.2,105.5,2.6,101.3,-1.6,Lost Finals,P. Jackson (56-26),K. Bryant?(10.7)
2002,NBA,LAL,50,32,0.61,2,2.71,92.5,1.5,107.2,3.6,104.7,1.1,Lost W. Conf. Semis,P. Jackson (50-32),K. Bryant?(14.9)
2001,NBA,LAL,58,24,0.707,2,7.15,92.1,1.4,109.4,4.9,101.7,-2.8,Won Finals,P. Jackson (58-24),S. O'Neal?(13.2)
2000,NBA,LAL,56,26,0.683,1,3.74,91.7,0.4,108.4,5.4,104.8,1.8,Won Finals,P. Jackson (56-26),S. O'Neal?(14.9)
1999,NBA,LAL,67,15,0.817,1,8.41,93.3,0.2,107.3,3.2,98.2,-5.9,Won Finals,P. Jackson (67-15),S. O'Neal?(18.6)
1998,NBA,LAL,31,19,0.62,2,2.68,91.6,2.7,107.6,5.4,104.3,2.1,Lost W. Conf. Semis,D. Harris (6-6) B. Bertka (1-0) K. Rambis (24-13),S. O'Neal?(9.0)
1997,NBA,LAL,61,21,0.744,2,6.88,93.6,3.3,111.9,6.9,103.7,-1.3,Lost W. Conf. Finals,D. Harris (61-21),S. O'Neal?(10.2)
1996,NBA,LAL,56,26,0.683,2,3.66,91.1,1,108.3,1.6,103.7,-3,Lost W. Conf. Semis,D. Harris (56-26),E. Jones?(9.6)
1995,NBA,LAL,53,29,0.646,2,4.21,92.4,0.6,111.4,3.8,106.6,-1,Lost W. Conf. 1st Rnd.,D. Harris (53-29),C. Ceballos?(9.8)
1994,NBA,LAL,48,34,0.585,3,-0.01,95.2,2.3,109.1,0.8,109.4,1.1,Lost W. Conf. Semis,D. Harris (48-34),V. Divac?(9.5)
1993,NBA,LAL,33,49,0.402,5,-3.93,95.5,0.4,104.8,-1.5,109.3,3,,R. Pfund (27-37) B. Bertka (1-1) M. Johnson (5-11),V. Divac?(7.4)
1992,NBA,LAL,39,43,0.476,5,-1.2,96.2,-0.6,107.6,-0.4,108.9,0.9,Lost W. Conf. 1st Rnd.,R. Pfund (39-43),A. Green?(8.6)
1991,NBA,LAL,43,39,0.524,6,-0.95,92.5,-4.1,107.7,-0.5,108.9,0.7,Lost W. Conf. 1st Rnd.,M. Dunleavy (43-39),A. Green?(8.8)
1990,NBA,LAL,58,24,0.707,2,6.73,94.1,-3.7,112.1,4.2,105,-2.9,Lost Finals,M. Dunleavy (58-24),M. Johnson?(15.4)
1989,NBA,LAL,63,19,0.768,1,6.74,96.3,-2,114,5.9,107,-1.1,Lost W. Conf. Semis,P. Riley (63-19),M. Johnson?(16.5)
1988,NBA,LAL,57,25,0.695,1,6.38,100.1,-0.5,113.8,6,106.7,-1.1,Lost Finals,P. Riley (57-25),M. Johnson?(16.1)
1987,NBA,LAL,62,20,0.756,1,4.81,99.1,-0.5,113.1,5.1,107.3,-0.7,Won Finals,P. Riley (62-20),M. Johnson?(10.9)
1986,NBA,LAL,65,17,0.793,1,8.32,101.6,0.8,115.6,7.3,106.5,-1.8,Won Finals,P. Riley (65-17),M. Johnson?(15.9)
1985,NBA,LAL,62,20,0.756,1,6.84,102.7,0.6,113.3,6.1,105.8,-1.4,Lost W. Conf. Finals,P. Riley (62-20),M. Johnson?(12.1)
1984,NBA,LAL,62,20,0.756,1,6.48,103.2,1.1,114.1,6.2,107,-0.9,Won Finals,P. Riley (62-20),M. Johnson?(12.7)
1983,NBA,LAL,54,28,0.659,1,3.32,103.7,2.3,110.9,3.3,107.3,-0.3,Lost Finals,P. Riley (54-28),M. Johnson?(10.2)
1982,NBA,LAL,58,24,0.707,1,5.06,103.8,0.7,110.5,5.8,105.2,0.5,Lost Finals,P. Riley (58-24),M. Johnson?(12.5)
1981,NBA,LAL,57,25,0.695,1,4.37,103.1,2.2,110.2,3.3,105.5,-1.4,Won Finals,P. Westhead (7-4) P. Riley (50-21),M. Johnson?(12.9)
1980,NBA,LAL,54,28,0.659,2,3.27,102.7,0.9,107.6,2.1,103.9,-1.6,Lost W. Conf. 1st Rnd.,P. Westhead (54-28),K. Abdul-Jabbar?(14.3)
1979,NBA,LAL,60,22,0.732,1,5.4,104.1,1,109.5,4.2,103.9,-1.4,Won Finals,J. McKinney (10-4) P. Westhead (50-18),K. Abdul-Jabbar?(14.8)
1978,NBA,LAL,47,35,0.573,3,2.95,105.9,0.1,106.1,2.3,103.2,-0.6,Lost W. Conf. Semis,J. West (47-35),K. Abdul-Jabbar?(14.4)
1977,NBA,LAL,45,37,0.549,4,2.59,106.1,-0.6,103.3,2.4,100.8,-0.1,Lost W. Conf. 1st Rnd.,J. West (45-37),K. Abdul-Jabbar?(12.1)
1976,NBA,LAL,53,29,0.646,1,2.64,104.7,-1.8,101.4,1.9,98.9,-0.6,Lost W. Conf. Finals,J. West (53-29),K. Abdul-Jabbar?(17.8)
1975,NBA,LAL,40,42,0.488,4,0.18,108,2.5,98.9,0.6,98.8,0.5,,B. Sharman (40-42),K. Abdul-Jabbar?(17.0)
1974,NBA,LAL,30,52,0.366,5,-3.94,106.4,1.9,96.1,-1.6,99.9,2.2,,B. Sharman (30-52),H. Hairston?(7.0)
1973,NBA,LAL,47,35,0.573,1,0.85,111.7,3.9,97.4,-0.3,96.6,-1.1,Lost W. Conf. Semis,B. Sharman (47-35),H. Hairston?(9.3)
1972,NBA,LAL,60,22,0.732,1,8.16,112,1.3,99.4,2.6,91.8,-5,Lost Finals,B. Sharman (60-22),W. Chamberlain?(18.2)
1971,NBA,LAL,69,13,0.841,1,11.65,116.9,4.9,103.1,5.2,92.6,-5.3,Won Finals,B. Sharman (69-13),W. Chamberlain?(15.8)
1970,NBA,LAL,48,34,0.585,1,3.27,115.7,0.6,98.8,1.6,96.1,-1.1,Lost W. Conf. Finals,J. Mullaney (48-34),J. West?(12.8)
1969,NBA,LAL,46,36,0.561,2,1.76,113.9,-3.2,99.1,0.1,97.4,-1.6,Lost Finals,J. Mullaney (46-36),J. West?(15.2)
1968,NBA,LAL,55,27,0.671,1,3.84,112.6,-4.3,98.5,3,94.9,-0.6,Lost Finals,B. Van Breda Kolff (55-27),W. Chamberlain?(14.7)
1967,NBA,LAL,52,30,0.634,2,4.99,118.1,-1.7,101.7,4.9,97,0.2,Lost Finals,B. Van Breda Kolff (52-30),J. West?(9.6)
1966,NBA,LAL,36,45,0.444,3,0.31,123,1.4,97.4,1.3,97.1,1,Lost W. Div. Semis,F. Schaus (36-45),J. West?(11.7)
1965,NBA,LAL,45,35,0.563,1,2.76,121.2,-0.2,98.3,3.4,95.7,0.8,Lost Finals,F. Schaus (45-35),J. West?(17.1)
1964,NBA,LAL,49,31,0.613,1,1.7,113.9,-3.4,97.4,3.8,95.8,2.2,Lost Finals,F. Schaus (49-31),J. West?(16.7)
1963,NBA,LAL,42,38,0.525,3,0.87,111.6,-1.6,97.9,3.3,97,2.4,Lost W. Div. Semis,F. Schaus (42-38),J. West?(14.0)
1962,NBA,LAL,53,27,0.663,1,2.67,117.8,2.8,97.4,1.5,94.7,-1.2,Lost Finals,F. Schaus (53-27),E. Baylor?(14.4)
1961,NBA,LAL,54,26,0.675,1,1.8,123.3,2,95,1.4,93.3,-0.3,Lost Finals,F. Schaus (54-26),J. West?(12.9)
1960,NBA,LAL,36,43,0.456,2,-0.11,124.9,1.4,90.8,-1.3,90.9,-1.2,Lost W. Div. Finals,F. Schaus (36-43),E. Baylor?(14.8)
1959,NBA,MNL,25,50,0.333,3,-4.14,121.2,-1.1,87.7,-3.4,91.2,0.1,Lost W. Div. Finals,J. Castellani (11-25) J. Pollard (14-25),E. Baylor?(11.5)
1958,NBA,MNL,33,39,0.458,2,-1.42,115.5,3.5,90.8,0.6,91.9,1.7,Lost Finals,J. Kundla (33-39),E. Baylor?(9.8)
1957,NBA,MNL,19,53,0.264,4,-5.78,118.8,1.8,88,-0.8,93.3,4.5,,G. Mikan (9-30) J. Kundla (10-23),V. Mikkelsen?(6.5)
1956,NBA,MNL,34,38,0.472,2,-0.89,114.8,9.9,88.5,-0.4,89.2,0.3,Lost W. Div. Finals,J. Kundla (34-38),C. Lovellette?(8.2)
1955,NBA,MNL,33,39,0.458,2,-0.92,108,5.2,91.5,1.2,92.4,2.1,Lost W. Div. Semis,J. Kundla (33-39),C. Lovellette?(8.1)
1954,NBA,MNL,40,32,0.556,2,0.96,105.5,7.4,89.7,-0.1,88.6,-1.2,Lost W. Div. Finals,J. Kundla (40-32),V. Mikkelsen?(10.9)
1953,NBA,MNL,46,26,0.639,1,2.71,93.5,9.9,86.8,-0.7,83.5,-4,Won Finals,J. Kundla (46-26),G. Mikan?(12.7)
1952,NBA,MNL,48,22,0.686,1,5.54,93.7,13.2,90.1,2.1,83.6,-4.1,Won Finals,J. Kundla (48-22),G. Mikan?(14.6)
1951,NBA,MNL,40,26,0.606,2,5.28,97.2,11.4,85.3,-1.6,79.3,-7.6,Won Finals,J. Kundla (40-26),G. Mikan?(14.4)
1950,NBA,MNL,44,24,0.647,1,4.79,94.8,9.3,86.4,1.3,80.7,-4.4,Lost W. Div. Finals,J. Kundla (44-24),G. Mikan?(23.4)
1949,NBA,MNL,51,17,0.75,1,8.25,,,,,,,Won Finals,J. Kundla (51-17),G. Mikan?(21.1)
1948,BAA,MNL,44,16,0.733,2,6.8,,,,,,,Won Finals,J. Kundla (44-16),G. Mikan?(20.9)
2017,NBA,WAS,20,16,0.556,1,1.64,97.2,0.1,108.5,0.7,106.3,-1.5,,S. Brooks (20-16),O. Porter?(4.0)
2016,NBA,WAS,49,33,0.598,1,1.36,97.4,1,111.2,2.4,109.3,0.5,Lost E. Conf. Semis,S. Brooks (49-33),O. Porter?(9.4)
2015,NBA,WAS,41,41,0.5,4,-0.5,98.5,2.7,105.3,-1.1,105.8,-0.6,,R. Wittman (41-41),M. Gortat?(7.3)
2014,NBA,WAS,46,36,0.561,2,0.17,93.7,-0.2,103.7,-1.9,103,-2.6,Lost E. Conf. Semis,R. Wittman (46-36),M. Gortat?(8.6)
2013,NBA,WAS,44,38,0.537,2,0.48,93.2,-0.7,106,-0.7,104.6,-2.1,Lost E. Conf. Semis,R. Wittman (44-38),M. Gortat?(8.1)
2012,NBA,WAS,29,53,0.354,3,-2.78,92.2,0.2,100.2,-5.7,103,-2.9,,R. Wittman (29-53),M. Webster?(6.3)
2011,NBA,WAS,20,46,0.303,4,-5.14,92.5,1.2,101,-3.6,106.2,1.6,,F. Saunders (2-15) R. Wittman (18-31),J. Wall?(3.5)
2010,NBA,WAS,23,59,0.28,5,-7.3,93.8,1.7,102.4,-4.9,110.2,2.9,,F. Saunders (23-59),J. McGee?(5.3)
2009,NBA,WAS,26,56,0.317,5,-4.72,91.6,-1.1,104.2,-3.4,109.4,1.8,,F. Saunders (26-56),B. Haywood?(4.5)
2008,NBA,WAS,19,63,0.232,5,-6.98,91,-0.7,105.4,-2.9,113.6,5.3,,E. Jordan (1-10) E. Tapscott (18-53),A. Jamison?(8.1)
2007,NBA,WAS,43,39,0.524,2,-0.61,89.5,-2.9,109.2,1.7,109.6,2.1,Lost E. Conf. 1st Rnd.,E. Jordan (43-39),A. Jamison?(9.2)
2006,NBA,WAS,41,41,0.5,2,-0.8,94.1,2.2,110.1,3.6,110.6,4.1,Lost E. Conf. 1st Rnd.,E. Jordan (41-41),G. Arenas?(10.8)
2005,NBA,WAS,42,40,0.512,2,1.57,92.3,1.8,109.3,3.1,107.3,1.1,Lost E. Conf. 1st Rnd.,E. Jordan (42-40),G. Arenas?(13.6)
2004,NBA,WAS,45,37,0.549,2,-0.71,93.3,2.4,107.2,1.1,107.5,1.4,Lost E. Conf. Semis,E. Jordan (45-37),G. Arenas?(11.5)
2003,NBA,WAS,25,57,0.305,6,-6.12,92.2,2.1,98.8,-4.1,104.8,1.9,,E. Jordan (25-57),K. Brown?(4.9)
2002,NBA,WAS,37,45,0.451,5,-1.47,88.2,-2.8,103,-0.6,104.1,0.5,,D. Collins (37-45),C. Laettner?(6.6)
2001,NBA,WAS,37,45,0.451,5,-1.58,88.3,-2.4,104.8,0.3,106.4,1.9,,D. Collins (37-45),C. Whitney?(6.5)
2000,NBA,WAS,19,63,0.232,7,-6.75,92.7,1.4,100.6,-2.4,107.8,4.8,,L. Hamilton (19-63),M. Smith?(3.6)
1999,NBA,WAS,29,53,0.354,7,-3.47,92.7,-0.4,103.5,-0.6,107,2.9,,G. Heard (14-30) D. Walker (15-23),M. Richmond?(5.2)
1998,NBA,WAS,18,32,0.36,6,-1.75,89.8,0.9,101.2,-1,103.7,1.5,,B. Bickerstaff (13-19) J. Brovelli (5-13),R. Strickland?(4.1)
1997,NBA,WAS,42,40,0.512,4,1.11,91.8,1.5,105.2,0.2,104.5,-0.5,,B. Bickerstaff (42-40),C. Webber?(8.3)
1996,NBA,WSB,44,38,0.537,4,1.77,92.4,2.3,106.6,-0.1,104.9,-1.8,Lost E. Conf. 1st Rnd.,J. Lynam (22-24) B. Staak (0-1) B. Bickerstaff (22-13),C. Webber?(9.3)
1995,NBA,WSB,39,43,0.476,4,0.99,93.7,1.9,108.7,1.1,107.6,0,,J. Lynam (39-43),G. Muresan?(8.0)
1994,NBA,WSB,21,61,0.256,7,-5.56,94.5,1.6,105.4,-2.9,111.3,3,,J. Lynam (21-61),S. Skiles?(4.5)
1993,NBA,WSB,24,58,0.293,7,-7.13,95.9,0.8,104.5,-1.8,112.2,5.9,,W. Unseld (24-58),D. MacLean?(5.6)
1992,NBA,WSB,22,60,0.268,7,-6.49,97.7,0.9,103.6,-4.4,110.8,2.8,,W. Unseld (22-60),H. Grant?(5.0)
1991,NBA,WSB,25,57,0.305,6,-4.35,97.7,1.1,103.9,-4.3,108.4,0.2,,W. Unseld (25-57),P. Ellison?(6.9)
1990,NBA,WSB,30,52,0.366,4,-4.84,97.5,-0.3,103,-4.9,108.1,0.2,,W. Unseld (30-52),H. Grant?(6.7)
1989,NBA,WSB,31,51,0.378,4,-2.43,99.4,1.1,107.5,-0.6,109.7,1.6,,W. Unseld (31-51),D. Walker?(6.3)
1988,NBA,WSB,40,42,0.488,4,-1.77,100.8,0.2,106.4,-1.4,108.5,0.7,,W. Unseld (40-42),J. Williams?(6.9)
1987,NBA,WSB,38,44,0.463,2,-0.16,98.1,-1.5,106.5,-1.5,107.2,-0.8,Lost E. Conf. 1st Rnd.,K. Loughery (8-19) W. Unseld (30-25),M. Malone?(9.2)
1986,NBA,WSB,42,40,0.512,3,-1.02,100.2,-0.6,105.7,-2.6,107,-1.3,Lost E. Conf. 1st Rnd.,K. Loughery (42-40),M. Malone?(9.4)
1985,NBA,WSB,39,43,0.476,3,-1.28,99.1,-3,103,-4.2,104.8,-2.4,Lost E. Conf. 1st Rnd.,G. Shue (32-37) K. Loughery (7-6),J. Malone?(6.1)
1984,NBA,WSB,40,42,0.488,4,0.15,100.3,-1.8,104.3,-3.6,104.6,-3.3,Lost E. Conf. 1st Rnd.,G. Shue (40-42),G. Ballard?(6.0)
1983,NBA,WSB,35,47,0.427,5,-2.36,97.4,-4,104.2,-3.4,107.2,-0.4,Lost E. Conf. 1st Rnd.,G. Shue (35-47),J. Ruland?(9.3)
1982,NBA,WSB,42,40,0.512,5,0.2,99.4,-3.7,99.1,-5.6,99.3,-5.4,,G. Shue (42-40),J. Ruland?(10.1)
1981,NBA,WSB,43,39,0.524,4,1.06,99.4,-1.5,103.3,-3.6,102.5,-4.4,Lost E. Conf. Semis,G. Shue (43-39),G. Ballard?(9.4)
1980,NBA,WSB,39,43,0.476,4,0.42,102.4,0.6,102.7,-2.8,102.7,-2.8,,G. Shue (39-43),G. Ballard?(6.9)
1979,NBA,WSB,39,43,0.476,3,-2.27,102.6,-0.5,103.2,-2.1,105.7,0.4,Lost E. Conf. 1st Rnd.,D. Motta (39-43),W. Unseld?(8.4)
1978,NBA,WSB,54,28,0.659,1,4.75,106.5,0.7,107.4,3.6,102.7,-1.1,Lost Finals,D. Motta (54-28),E. Hayes?(9.4)
1977,NBA,WSB,44,38,0.537,2,0.82,108.1,1.4,101.3,0.4,100.5,-0.4,Won Finals,D. Motta (44-38),E. Hayes?(8.3)
1976,NBA,WSB,48,34,0.585,2,0.9,105.9,-0.6,99.3,-0.2,98.4,-1.1,Lost E. Conf. Semis,D. Motta (48-34),E. Hayes?(12.1)
1975,NBA,WSB,48,34,0.585,2,2.2,104.3,-1.2,97.5,-0.8,95.3,-3,Lost E. Conf. Semis,K. Jones (48-34),W. Unseld?(9.5)
1974,NBA,WSB,60,22,0.732,1,6.53,106.1,1.6,98,0.3,91.3,-6.4,Lost Finals,K. Jones (60-22),E. Hayes?(12.5)
1973,NBA,CAP,47,35,0.573,1,1.19,106.3,-1.5,95.6,-2.1,94.2,-3.5,Lost E. Conf. Semis,K. Jones (47-35),E. Hayes?(10.6)
1972,NBA,BAL,52,30,0.634,1,2.85,108.7,-2,96.3,-0.5,93.3,-3.5,Lost E. Conf. Semis,G. Shue (52-30),M. Riordan?(11.1)
1971,NBA,BAL,38,44,0.463,1,-1.26,110.5,-1.5,96.5,-1.4,97.6,-0.3,Lost E. Conf. Semis,G. Shue (38-44),A. Clark?(10.7)
1970,NBA,BAL,42,40,0.512,1,0.91,116.5,1.4,96.2,-1,95.7,-1.5,Lost Finals,G. Shue (42-40),W. Unseld?(10.0)
1969,NBA,BAL,50,32,0.61,3,1.94,121,3.9,98.7,-0.3,96.9,-2.1,Lost E. Div. Semis,G. Shue (50-32),W. Unseld?(11.1)
1968,NBA,BAL,57,25,0.695,1,4.05,121.8,4.9,95.2,-0.3,91.7,-3.8,Lost E. Div. Semis,G. Shue (57-25),W. Unseld?(10.8)
1967,NBA,BAL,36,46,0.439,6,-0.23,121.5,1.7,96.2,-0.6,96.6,-0.2,,G. Shue (36-46),E. Monroe?(9.3)
1966,NBA,BAL,20,61,0.247,5,-5.87,123,1.4,93.4,-2.7,98.6,2.5,,M. Farmer (1-8) B. Jeannette (3-13) G. Shue (16-40),G. Johnson?(5.0)
1965,NBA,BAL,38,42,0.475,2,-1.06,123.1,1.7,95.8,0.9,96.8,1.9,Lost W. Div. Semis,P. Seymour (38-42),B. Howell?(8.7)
1964,NBA,BAL,37,43,0.463,3,-1.97,116.2,-1.1,96.8,3.2,98.7,5.1,Lost W. Div. Finals,B. Jeannette (37-43),W. Bellamy?(12.1)
1963,NBA,BAL,31,49,0.388,4,-1.59,117,3.8,95,0.4,96.6,2,,S. Leonard (31-49),W. Bellamy?(14.4)
1962,NBA,CHZ,25,55,0.313,5,-3.63,112.2,-2.8,97.5,1.6,101.1,5.2,,J. McMahon (12-26) S. Leonard (13-29),W. Bellamy?(13.7)
1961,NBA,CHP,18,62,0.225,5,-7.54,122.9,1.6,90,-3.6,96.9,3.3,,J. Pollard (18-62),W. Bellamy?(16.3)
2017,NBA,MIA,18,17,0.514,2,-1.97,95.1,-2,104.7,-3.1,106.8,-1,,E. Spoelstra (18-17),W. Ellington?(2.2)
2016,NBA,MIA,41,41,0.5,3,0.77,95.2,-1.2,107.8,-1,106.7,-2.1,,E. Spoelstra (41-41),H. Whiteside?(9.5)
2015,NBA,MIA,48,34,0.585,1,1.5,93.6,-2.2,106.1,-0.3,104.4,-2,Lost E. Conf. Semis,E. Spoelstra (48-34),H. Whiteside?(10.3)
2014,NBA,MIA,37,45,0.451,3,-2.92,90.9,-3,103.9,-1.7,106.7,1.1,,E. Spoelstra (37-45),L. Deng?(5.4)
2013,NBA,MIA,54,28,0.659,1,4.15,91.2,-2.7,110.9,4.2,105.8,-0.9,Lost Finals,E. Spoelstra (54-28),L. James?(15.9)
2012,NBA,MIA,66,16,0.805,1,7.03,90.7,-1.3,112.3,6.4,103.7,-2.2,Won Finals,E. Spoelstra (66-16),L. James?(19.3)
2011,NBA,MIA,46,20,0.697,1,5.72,91.2,-0.1,106.6,2,100.2,-4.4,Won Finals,E. Spoelstra (46-20),L. James?(14.5)
2010,NBA,MIA,58,24,0.707,1,6.76,90.9,-1.2,111.7,4.4,103.5,-3.8,Lost Finals,E. Spoelstra (58-24),L. James?(15.6)
2009,NBA,MIA,47,35,0.573,3,1.99,89.6,-3.1,106.6,-1,104.1,-3.5,Lost E. Conf. 1st Rnd.,E. Spoelstra (47-35),D. Wade?(13.0)
2008,NBA,MIA,43,39,0.524,3,0.49,89.9,-1.8,107.8,-0.5,107.6,-0.7,Lost E. Conf. 1st Rnd.,E. Spoelstra (43-39),D. Wade?(14.7)
2007,NBA,MIA,15,67,0.183,5,-8.53,90.2,-2.2,100.5,-7,110,2.5,,P. Riley (15-67),D. Wade?(3.3)
2006,NBA,MIA,44,38,0.537,1,-1.21,89.9,-2,104.3,-2.2,105.3,-1.2,Lost E. Conf. 1st Rnd.,P. Riley (44-38),D. Wade?(8.8)
2005,NBA,MIA,52,30,0.634,1,3.59,91.6,1.1,108.7,2.5,104.5,-1.7,Won Finals,S. Van Gundy (11-10) P. Riley (41-20),D. Wade?(14.4)
2004,NBA,MIA,59,23,0.72,1,5.77,90.8,-0.1,110.2,4.1,103.1,-3,Lost E. Conf. Finals,S. Van Gundy (59-23),D. Wade?(11.0)
2003,NBA,MIA,42,40,0.512,2,-0.13,88,-2.1,102.2,-0.7,101.7,-1.2,Lost E. Conf. Semis,S. Van Gundy (42-40),E. Jones?(9.1)
2002,NBA,MIA,25,57,0.305,7,-5.13,87.8,-3.2,96.7,-6.9,102.4,-1.2,,P. Riley (25-57),B. Grant?(7.7)
2001,NBA,MIA,36,46,0.439,6,-1.84,87.4,-3.3,98.5,-6,100.2,-4.3,,P. Riley (36-46),E. Jones?(10.5)
2000,NBA,MIA,50,32,0.61,2,1.73,87.1,-4.2,101.1,-1.9,98.5,-4.5,Lost E. Conf. 1st Rnd.,P. Riley (50-32),A. Mason?(11.6)
1999,NBA,MIA,52,30,0.634,1,2.75,89.7,-3.4,104.5,0.4,101,-3.1,Lost E. Conf. Semis,P. Riley (52-30),A. Mourning?(12.9)
1998,NBA,MIA,33,17,0.66,1,5.11,84.8,-4.1,104.7,2.5,98.9,-3.3,Lost E. Conf. 1st Rnd.,P. Riley (33-17),A. Mourning?(7.9)
1997,NBA,MIA,55,27,0.671,1,5.09,87.9,-2.4,107.6,2.6,102,-3,Lost E. Conf. 1st Rnd.,P. Riley (55-27),T. Hardaway?(11.7)
1996,NBA,MIA,61,21,0.744,1,5.56,88.2,-1.9,106.8,0.1,100.6,-6.1,Lost E. Conf. Finals,P. Riley (61-21),T. Hardaway?(12.9)
1995,NBA,MIA,42,40,0.512,3,1.46,91.1,-0.7,105.3,-2.3,103.8,-3.8,Lost E. Conf. 1st Rnd.,P. Riley (42-40),A. Mourning?(9.9)
1994,NBA,MIA,32,50,0.39,4,-1.85,92.9,0,108.2,-0.1,109.9,1.6,,K. Loughery (17-29) A. Gentry (15-21),G. Rice?(10.0)
1993,NBA,MIA,42,40,0.512,4,2.4,93.8,-1.3,109.5,3.2,106.7,0.4,Lost E. Conf. 1st Rnd.,K. Loughery (42-40),G. Rice?(10.2)
1992,NBA,MIA,36,46,0.439,5,-0.93,94.6,-2.2,107.7,-0.3,108.9,0.9,,K. Loughery (36-46),G. Long?(6.5)
1991,NBA,MIA,38,44,0.463,4,-3.94,97.7,1.1,106.7,-1.5,110.9,2.7,Lost E. Conf. 1st Rnd.,K. Loughery (38-44),G. Rice?(7.9)
1990,NBA,MIA,24,58,0.293,6,-5.91,99.3,1.5,102,-5.9,108.1,0.2,,R. Rothstein (24-58),S. Douglas?(5.4)
1989,NBA,MIA,18,64,0.22,5,-9.59,101,2.7,99.3,-8.8,108.9,0.8,,R. Rothstein (18-64),S. Douglas?(4.4)
1988,NBA,MIA,15,67,0.183,6,-11.13,99.1,-1.5,97.8,-10,109,1.2,,R. Rothstein (15-67),G. Long?(4.6)
2017,NBA,CHO,13,22,0.371,3,-0.65,98.6,1.5,105.3,-2.5,107.1,-0.7,,S. Clifford (13-22),K. Walker?(3.4)
2016,NBA,CHO,36,46,0.439,4,-0.07,95.7,-0.7,108.8,0,108.6,-0.2,,S. Clifford (36-46),K. Walker?(8.1)
2015,NBA,CHO,48,34,0.585,3,2.36,95.7,-0.1,107.1,0.7,104.3,-2.1,Lost E. Conf. 1st Rnd.,S. Clifford (48-34),K. Walker?(9.9)
2014,NBA,CHO,33,49,0.402,4,-3.44,93,-0.9,100.1,-5.5,103.5,-2.1,,S. Clifford (33-49),A. Jefferson?(4.7)
2013,NBA,CHA,43,39,0.524,3,-0.89,92.4,-1.5,103.6,-3.1,103.8,-2.9,Lost E. Conf. 1st Rnd.,S. Clifford (43-39),A. Jefferson?(7.8)
2012,NBA,CHA,21,61,0.256,4,-9.29,91.5,-0.5,101.5,-4.4,111.5,5.6,,M. Dunlap (21-61),K. Walker?(4.8)
2011,NBA,CHA,7,59,0.106,5,-13.96,91.1,-0.2,95.2,-9.4,110.4,5.8,,P. Silas (7-59),D. Brown?(2.3)
2010,NBA,CHA,34,48,0.415,4,-4.08,89.6,-2.5,103.4,-3.9,107.8,0.5,,L. Brown (9-19) P. Silas (25-29),D. Augustin?(6.2)
2009,NBA,CHA,44,38,0.537,4,1.3,90.4,-2.3,104.4,-3.2,102.8,-4.8,Lost E. Conf. 1st Rnd.,L. Brown (44-38),G. Wallace?(11.5)
2008,NBA,CHA,35,47,0.427,4,-1.2,88.3,-3.4,104.7,-3.6,106.1,-2.2,,L. Brown (35-47),G. Wallace?(9.5)
2007,NBA,CHA,32,50,0.39,4,-4.49,91.8,-0.6,104.6,-2.9,109.4,1.9,,S. Vincent (32-50),J. Richardson?(7.4)
2006,NBA,CHA,33,49,0.402,4,-3.97,92,0.1,103.6,-2.9,107.6,1.1,,B. Bickerstaff (33-49),G. Wallace?(7.7)
2005,NBA,CHA,26,56,0.317,4,-3.9,93.4,2.9,102.5,-3.7,106.7,0.5,,B. Bickerstaff (26-56),G. Wallace?(6.4)
2004,NBA,CHA,18,64,0.22,4,-6.15,92.3,1.4,101.1,-5,107.5,1.4,,B. Bickerstaff (18-64),P. Brezec?(4.9)
2001,NBA,CHO,44,38,0.537,2,0.57,89.7,-1,104.3,-0.2,103.3,-1.2,Lost E. Conf. Semis,P. Silas (44-38),P. Brown?(8.2)
2000,NBA,CHO,46,36,0.561,3,1.45,89.4,-1.9,101.8,-1.2,99.5,-3.5,Lost E. Conf. Semis,P. Silas (46-36),B. Davis?(8.9)
1999,NBA,CHO,49,33,0.598,2,2.33,93.9,0.8,104.3,0.2,101.4,-2.7,Lost E. Conf. 1st Rnd.,P. Silas (49-33),E. Jones?(10.1)
1998,NBA,CHO,26,24,0.52,5,0.63,89.7,0.8,102.3,0.1,102.4,0.2,,D. Cowens (4-11) P. Silas (22-13),D. Wesley?(4.8)
1997,NBA,CHO,51,31,0.622,3,2.45,89.4,-0.9,107.5,2.5,105.3,0.3,Lost E. Conf. Semis,D. Cowens (51-31),G. Rice?(9.3)
1996,NBA,CHO,54,28,0.659,4,2.13,88.6,-1.5,110.9,4.2,108.9,2.2,Lost E. Conf. 1st Rnd.,D. Cowens (54-28),A. Mason?(11.4)
1995,NBA,CHO,41,41,0.5,6,-0.48,91.6,-0.2,111.2,3.6,111.8,4.2,,A. Bristow (41-41),L. Johnson?(10.1)
1994,NBA,CHO,50,32,0.61,2,2.87,91.2,-1.7,109.6,1.3,106.1,-2.2,Lost E. Conf. 1st Rnd.,A. Bristow (50-32),A. Mourning?(9.4)
1993,NBA,CHO,41,41,0.5,5,-0.23,97.5,2.4,108.4,2.1,108.6,2.3,,A. Bristow (41-41),H. Hawkins?(6.5)
1992,NBA,CHO,44,38,0.537,3,-0.02,100.2,3.4,109.5,1.5,109.7,1.7,Lost E. Conf. Semis,A. Bristow (44-38),L. Johnson?(9.6)
1991,NBA,CHO,31,51,0.378,7,-3.57,101.7,5.1,107.1,-1.1,110.9,2.7,,A. Bristow (31-51),L. Johnson?(8.9)
1990,NBA,CHO,26,56,0.317,7,-4.95,97.3,-0.5,105,-2.9,110.4,2.5,,G. Littles (26-56),M. Bogues?(4.8)
1989,NBA,CHO,19,63,0.232,7,-7,98.1,-0.2,102,-6.1,109.9,1.8,,D. Harter (8-32) G. Littles (11-31),M. Bogues?(6.7)
1988,NBA,CHO,20,62,0.244,6,-7.74,100.3,-0.3,103.7,-4.1,112.1,4.3,,D. Harter (20-62),K. Rambis?(4.8)
2017,NBA,ORL,12,24,0.333,4,-5.21,99.7,2.6,104.8,-3,110.2,2.4,,F. Vogel (12-24),N. Vucevic?(2.8)
2016,NBA,ORL,29,53,0.354,5,-6.61,96.8,0.4,103.7,-5.1,110.5,1.7,,F. Vogel (29-53),E. Payton?(4.4)
2015,NBA,ORL,35,47,0.427,5,-1.68,96,0.2,105.1,-1.3,106.8,0.4,,S. Skiles (35-47),E. Fournier?(5.7)
2014,NBA,ORL,25,57,0.305,5,-5.87,93.8,-0.1,101.6,-4,107.7,2.1,,J. Vaughn (15-37) J. Borrego (10-20),N. Vucevic?(7.0)
2013,NBA,ORL,23,59,0.28,5,-5.88,93.6,-0.3,101.7,-5,107.4,0.7,,J. Vaughn (23-59),A. Afflalo?(5.3)
2012,NBA,ORL,20,62,0.244,5,-7.12,92.2,0.2,101.6,-4.3,109.1,3.2,,J. Vaughn (20-62),N. Vucevic?(5.7)
2011,NBA,ORL,37,29,0.561,3,0.46,89,-2.3,105,0.4,104.1,-0.5,Lost E. Conf. 1st Rnd.,S. Van Gundy (37-29),R. Anderson?(8.9)
2010,NBA,ORL,52,30,0.634,2,4.92,91.2,-0.9,107.9,0.6,102,-5.3,Lost E. Conf. 1st Rnd.,S. Van Gundy (52-30),D. Howard?(14.4)
2009,NBA,ORL,59,23,0.72,1,7.12,92,-0.7,111.4,3.8,103.3,-4.3,Lost E. Conf. Finals,S. Van Gundy (59-23),D. Howard?(13.2)
2008,NBA,ORL,59,23,0.72,1,6.48,92.3,0.6,109.2,0.9,101.9,-6.4,Lost Finals,S. Van Gundy (59-23),D. Howard?(13.8)
2007,NBA,ORL,52,30,0.634,1,4.79,93.4,1,111.3,3.8,105.5,-2,Lost E. Conf. Semis,S. Van Gundy (52-30),D. Howard?(12.9)
2006,NBA,ORL,40,42,0.488,3,0.35,89.9,-2,104.9,-1.6,104.1,-2.4,Lost E. Conf. 1st Rnd.,B. Hill (40-42),D. Howard?(9.7)
2005,NBA,ORL,36,46,0.439,3,-1.26,88.3,-2.2,106.3,0.1,107.5,1.3,,B. Hill (36-46),D. Howard?(8.6)
2004,NBA,ORL,36,46,0.439,3,-2.52,94.7,3.8,104.9,-1.2,107.3,1.2,,J. Davis (31-33) C. Jent (5-13),D. Howard?(7.3)
2003,NBA,ORL,21,61,0.256,7,-7.25,90.8,0.7,102.7,-0.2,110.4,7.5,,D. Rivers (1-10) J. Davis (20-51),T. McGrady?(8.4)
2002,NBA,ORL,42,40,0.512,4,-0.39,93.1,2.1,105.2,1.6,105,1.4,Lost E. Conf. 1st Rnd.,D. Rivers (42-40),T. McGrady?(16.1)
2001,NBA,ORL,44,38,0.537,3,1.25,93.2,2.5,107,2.5,105.3,0.8,Lost E. Conf. 1st Rnd.,D. Rivers (44-38),T. McGrady?(11.5)
2000,NBA,ORL,43,39,0.524,4,0.39,93.2,1.9,103.2,0.2,102.1,-0.9,Lost E. Conf. 1st Rnd.,D. Rivers (43-39),T. McGrady?(12.2)
1999,NBA,ORL,41,41,0.5,4,0.43,97.3,4.2,102.4,-1.7,101.7,-2.4,,D. Rivers (41-41),D. Armstrong?(8.0)
1998,NBA,ORL,33,17,0.66,2,3.11,88.8,-0.1,100.3,-1.9,97.4,-4.8,Lost E. Conf. 1st Rnd.,C. Daly (33-17),D. Armstrong?(6.4)
1997,NBA,ORL,41,41,0.5,5,-0.53,87.1,-3.2,102.6,-2.4,103.8,-1.2,,C. Daly (41-41),B. Outlaw?(7.6)
1996,NBA,ORL,45,37,0.549,3,-0.07,88.3,-1.8,105.6,-1.1,106,-0.7,Lost E. Conf. 1st Rnd.,B. Hill (24-25) R. Adubato (21-12),A. Hardaway?(8.1)
1995,NBA,ORL,60,22,0.732,1,5.4,91.8,0,112.9,5.3,106.9,-0.7,Lost E. Conf. Finals,B. Hill (60-22),A. Hardaway?(14.4)
1994,NBA,ORL,57,25,0.695,1,6.44,95.1,2.2,115.1,6.8,107.8,-0.5,Lost Finals,B. Hill (57-25),S. O'Neal?(14.0)
1993,NBA,ORL,50,32,0.61,2,3.68,95.2,0.1,110.8,4.5,106.7,0.4,Lost E. Conf. 1st Rnd.,B. Hill (50-32),S. O'Neal?(16.9)
1992,NBA,ORL,41,41,0.5,4,1.35,96.3,-0.5,108.5,0.5,107.1,-0.9,,M. Guokas (41-41),S. O'Neal?(10.4)
1991,NBA,ORL,21,61,0.256,7,-6.52,98,1.4,103.5,-4.7,110.5,2.3,,M. Guokas (21-61),T. Catledge?(4.6)
1990,NBA,ORL,31,51,0.378,4,-3.79,99.5,1.7,105.9,-2,109.9,2,,M. Guokas (31-51),S. Skiles?(7.0)
1989,NBA,ORL,18,64,0.22,7,-8.73,104.1,5.8,105.8,-2.3,114.3,6.2,,M. Guokas (18-64),O. Smith?(3.3)
2017,NBA,ATL,9,26,0.257,5,-4.47,97.1,0,106.7,-1.1,111.4,3.6,,M. Budenholzer (9-26),J. Collins?(2.3)
2016,NBA,ATL,43,39,0.524,2,-1.23,97.4,1,104.9,-3.9,105.7,-3.1,Lost E. Conf. 1st Rnd.,M. Budenholzer (43-39),D. Howard?(8.3)
2015,NBA,ATL,48,34,0.585,2,3.49,97.1,1.3,105.1,-1.3,101.4,-5,Lost E. Conf. Semis,M. Budenholzer (48-34),P. Millsap?(10.1)
2014,NBA,ATL,60,22,0.732,1,4.75,93.9,0,108.9,3.3,103.1,-2.5,Lost E. Conf. Finals,M. Budenholzer (60-22),A. Horford?(8.7)
2013,NBA,ATL,38,44,0.463,4,-0.88,94.6,0.7,105.9,-0.8,106.4,-0.3,Lost E. Conf. 1st Rnd.,M. Budenholzer (38-44),P. Millsap?(6.7)
2012,NBA,ATL,44,38,0.537,2,-0.08,92.6,0.6,104.8,-1.1,104.4,-1.5,Lost E. Conf. 1st Rnd.,L. Drew (44-38),A. Horford?(8.8)
2011,NBA,ATL,40,26,0.606,2,2.67,90.2,-1.1,104.9,0.3,101.2,-3.4,Lost E. Conf. 1st Rnd.,L. Drew (40-26),J. Smith?(6.8)
2010,NBA,ATL,44,38,0.537,3,-1.1,89.3,-2.8,106.1,-1.2,107,-0.3,Lost E. Conf. Semis,L. Drew (44-38),A. Horford?(10.1)
2009,NBA,ATL,53,29,0.646,2,4.44,90.1,-2.6,111.9,4.3,106.7,-0.9,Lost E. Conf. Semis,M. Woodson (53-29),A. Horford?(10.9)
2008,NBA,ATL,47,35,0.573,2,1.7,89.6,-2.1,109.3,1,107.6,-0.7,Lost E. Conf. Semis,M. Woodson (47-35),J. Johnson?(7.6)
2007,NBA,ATL,37,45,0.451,3,-2.23,91.1,-1.3,106.9,-0.6,108.9,1.4,Lost E. Conf. 1st Rnd.,M. Woodson (37-45),J. Childress?(7.6)
2006,NBA,ATL,30,52,0.366,5,-4.86,90,-1.9,103,-3.5,108.3,1.8,,M. Woodson (30-52),J. Childress?(5.5)
2005,NBA,ATL,26,56,0.317,5,-4.69,90.4,-0.1,106.4,0.2,111.6,5.4,,M. Woodson (26-56),J. Johnson?(6.0)
2004,NBA,ATL,13,69,0.159,5,-9.62,91.4,0.5,100.6,-5.5,111.1,5,,M. Woodson (13-69),J. Childress?(4.6)
2003,NBA,ATL,28,54,0.341,7,-5,90.8,0.7,101,-1.9,106.1,3.2,,T. Stotts (28-54),S. Abdur-Rahim?(6.6)
2002,NBA,ATL,35,47,0.427,5,-3.87,91,0,102.3,-1.3,106.1,2.5,,L. Kruger (11-16) T. Stotts (24-31),S. Abdur-Rahim?(9.7)
2001,NBA,ATL,33,49,0.402,6,-4.41,91.9,1.2,101.8,-2.7,106.4,1.9,,L. Kruger (33-49),J. Terry?(8.6)
2000,NBA,ATL,25,57,0.305,7,-5.55,91.9,0.6,98.7,-4.3,104.3,1.3,,L. Kruger (25-57),J. Terry?(6.5)
1999,NBA,ATL,28,54,0.341,7,-5.41,91.7,-1.4,102,-2.1,107.9,3.8,,L. Wilkens (28-54),D. Mutombo?(9.9)
1998,NBA,ATL,31,19,0.62,2,2.82,85.3,-3.6,100.5,-1.7,97.1,-5.1,Lost E. Conf. Semis,L. Wilkens (31-19),D. Mutombo?(7.9)
1997,NBA,ATL,50,32,0.61,4,3.85,87.7,-2.6,108.2,3.2,104.3,-0.7,Lost E. Conf. 1st Rnd.,L. Wilkens (50-32),D. Mutombo?(10.8)
1996,NBA,ATL,56,26,0.683,2,5.52,86.8,-3.3,108.5,1.8,102.3,-4.4,Lost E. Conf. Semis,L. Wilkens (56-26),M. Blaylock?(12.5)
1995,NBA,ATL,46,36,0.561,4,1.29,89.6,-2.2,109.4,1.8,108,0.4,Lost E. Conf. Semis,L. Wilkens (46-36),M. Blaylock?(9.0)
1994,NBA,ATL,42,40,0.512,5,1.06,89.8,-3.1,106.6,-1.7,105.2,-3.1,Lost E. Conf. 1st Rnd.,L. Wilkens (42-40),M. Blaylock?(9.4)
1993,NBA,ATL,57,25,0.695,1,4.94,94.2,-0.9,107.2,0.9,101.7,-4.6,Lost E. Conf. Semis,L. Wilkens (57-25),M. Blaylock?(10.2)
1992,NBA,ATL,43,39,0.524,4,-0.67,97.6,0.8,109.3,1.3,110.2,2.2,Lost E. Conf. 1st Rnd.,B. Weiss (43-39),D. Wilkins?(10.5)
1991,NBA,ATL,38,44,0.463,5,-1.15,97.8,1.2,107.3,-0.9,108.9,0.7,,B. Weiss (38-44),K. Willis?(8.8)
1990,NBA,ATL,43,39,0.524,4,0.72,98.6,0.8,110.9,3,110.1,2.2,Lost E. Conf. 1st Rnd.,B. Weiss (43-39),D. Wilkins?(11.4)
1989,NBA,ATL,41,41,0.5,6,0.64,95.8,-2.5,113,4.9,111.9,3.8,,M. Fratello (41-41),D. Wilkins?(11.1)
1988,NBA,ATL,52,30,0.634,3,5.26,98.3,-2.3,112.2,4.4,107.2,-0.6,Lost E. Conf. 1st Rnd.,M. Fratello (52-30),M. Malone?(10.7)
1987,NBA,ATL,50,32,0.61,3,4.02,96.4,-3.2,111.3,3.3,107.6,-0.4,Lost E. Conf. Semis,M. Fratello (50-32),D. Wilkins?(9.8)
1986,NBA,ATL,57,25,0.695,1,7.18,97.4,-3.4,112.6,4.3,105.2,-3.1,Lost E. Conf. Semis,M. Fratello (57-25),D. Wilkins?(12.2)
1985,NBA,ATL,50,32,0.61,2,2.59,100,-2.1,107.9,0.7,105.6,-1.6,Lost E. Conf. Semis,M. Fratello (50-32),D. Wilkins?(10.8)
1984,NBA,ATL,34,48,0.415,5,-1.14,99.8,-2.3,105.9,-2,107.3,-0.6,,M. Fratello (34-48),D. Wilkins?(7.6)
1983,NBA,ATL,40,42,0.488,3,-1.08,95.3,-6.1,105.5,-2.1,106.9,-0.7,Lost E. Conf. 1st Rnd.,M. Fratello (40-42),D. Roundfield?(7.1)
1982,NBA,ATL,43,39,0.524,2,-0.72,98.9,-4.2,102.2,-2.5,103.2,-1.5,Lost E. Conf. 1st Rnd.,K. Loughery (43-39),D. Roundfield?(7.4)
1981,NBA,ATL,42,40,0.512,2,0.81,95.1,-5.8,105.1,-1.8,104.6,-2.3,Lost E. Conf. 1st Rnd.,K. Loughery (42-40),D. Roundfield?(6.5)
1980,NBA,ATL,31,51,0.378,4,-2.37,99.4,-2.4,104.3,-1.2,107.3,1.8,,H. Brown (31-48) M. Fratello (0-3),D. Roundfield?(7.0)
1979,NBA,ATL,50,32,0.61,1,2.83,98.9,-4.2,105.2,-0.1,102.3,-3,Lost E. Conf. Semis,H. Brown (50-32),T. Rollins?(9.2)
1978,NBA,ATL,46,36,0.561,3,1.92,102.5,-3.3,105.6,1.8,103.6,-0.2,Lost E. Conf. Semis,H. Brown (46-36),J. Drew?(8.9)
1977,NBA,ATL,41,41,0.5,4,-0.13,103.3,-3.4,99.7,-1.2,99.8,-1.1,Lost E. Conf. 1st Rnd.,H. Brown (41-41),J. Drew?(8.9)
1976,NBA,ATL,31,51,0.378,6,-3.87,104.6,-1.9,97.8,-1.7,101.6,2.1,,H. Brown (31-51),J. Drew?(7.9)
1975,NBA,ATL,29,53,0.354,5,-2.66,103.6,-1.9,98.4,0.1,101.2,2.9,,C. Fitzsimmons (28-46) G. Tormohlen (1-7),J. Drew?(10.6)
1974,NBA,ATL,31,51,0.378,4,-1.32,106.3,1.8,98.3,0.6,99.5,1.8,,C. Fitzsimmons (31-51),J. Drew?(7.1)
1973,NBA,ATL,35,47,0.427,2,-1.47,110.8,3,97.7,0,99,1.3,,C. Fitzsimmons (35-47),L. Hudson?(8.8)
1972,NBA,ATL,46,36,0.561,2,-0.15,113.8,3.1,98,1.2,98,1.2,Lost E. Conf. Semis,C. Fitzsimmons (46-36),L. Hudson?(9.3)
1971,NBA,ATL,36,46,0.439,2,-1.94,110.7,-1.3,98.7,0.8,100.3,2.4,Lost E. Conf. Semis,R. Guerin (36-46),W. Bellamy?(10.3)
1970,NBA,ATL,36,46,0.439,2,-1.3,117.2,2.1,96.9,-0.3,98.4,1.2,Lost E. Conf. Semis,R. Guerin (36-46),L. Hudson?(7.9)
1969,NBA,ATL,48,34,0.585,1,0.31,114.4,-2.7,102.3,3.3,101.9,2.9,Lost W. Div. Finals,R. Guerin (48-34),L. Hudson?(11.1)
1968,NBA,ATL,48,34,0.585,2,2.06,113.9,-3,97.4,1.9,95.5,0,Lost W. Div. Finals,R. Guerin (48-34),L. Hudson?(10.1)
1967,NBA,STL,56,26,0.683,1,2.37,113.7,-6.1,98.4,1.6,96,-0.8,Lost W. Div. Semis,R. Guerin (56-26),Z. Beaty?(11.8)
1966,NBA,STL,39,42,0.481,2,-1.44,117.7,-3.9,96.1,0,97.4,1.3,Lost W. Div. Finals,R. Guerin (39-42),L. Wilkens?(7.6)
1965,NBA,STL,36,44,0.45,3,-0.5,116.6,-4.8,95.6,0.7,96.1,1.2,Lost W. Div. Finals,R. Guerin (36-44),Z. Beaty?(10.3)
1964,NBA,STL,45,35,0.563,2,2.68,115.1,-2.2,94.5,0.9,91.8,-1.8,Lost W. Div. Semis,H. Gallatin (17-16) R. Guerin (28-19),Z. Beaty?(10.8)
1963,NBA,STL,46,34,0.575,2,1.39,114.6,1.4,95.4,0.8,94,-0.6,Lost W. Div. Finals,H. Gallatin (46-34),B. Pettit?(14.9)
1962,NBA,STL,48,32,0.6,2,1.38,115.6,0.6,94.8,-1.1,93.3,-2.6,Lost W. Div. Finals,H. Gallatin (48-32),B. Pettit?(14.3)
1961,NBA,STL,29,51,0.363,4,-2.96,124.6,3.3,95.2,1.6,97.8,4.2,,P. Seymour (5-9) A. Levane (20-40) B. Pettit (4-2),B. Pettit?(11.5)
1960,NBA,STL,51,28,0.646,1,2.99,129.1,5.6,91.4,-0.7,88.7,-3.4,Lost Finals,P. Seymour (51-28),B. Pettit?(14.9)
1959,NBA,STL,46,29,0.613,1,1.77,120,-2.3,94,2.9,91.8,0.7,Lost Finals,E. Macauley (46-29),C. Hagan?(11.8)
1958,NBA,STL,49,23,0.681,1,2.89,115.6,3.6,93.3,3.1,90.1,-0.1,Lost W. Div. Finals,A. Phillip (6-4) E. Macauley (43-19),B. Pettit?(14.8)
1957,NBA,STL,41,31,0.569,1,0.82,119.5,2.5,89.7,0.9,88.6,-0.2,Won Finals,A. Hannum (41-31),B. Pettit?(11.0)
1956,NBA,STL,34,38,0.472,1,-0.27,108.3,3.4,89,0.1,89.1,0.2,Lost Finals,R. Holzman (14-19) S. Martin (5-3) A. Hannum (15-16),B. Pettit?(11.6)
1955,NBA,STL,33,39,0.458,3,-1.42,109.4,6.6,87.6,-2.7,88.9,-1.4,Lost W. Div. Finals,R. Holzman (33-39),B. Pettit?(13.8)
1954,NBA,MLH,26,46,0.361,4,-2.66,100.5,2.4,86.4,-3.4,89.4,-0.4,,R. Holzman (26-46),B. Pettit?(10.7)
1953,NBA,MLH,21,51,0.292,4,-4.55,84.2,0.6,82.9,-4.6,89.2,1.7,,A. Levane (11-35) R. Holzman (10-16),G. Ratkovicz?(5.2)
1952,NBA,MLH,27,44,0.38,5,-2.49,88.6,8.1,84,-4,85.7,-2,,A. Levane (27-44),M. Hutchins?(6.9)
1951,NBA,MLH,17,49,0.258,5,-7.04,90.7,4.9,80.4,-6.5,89.1,2.2,,D. Moore (17-49),D. Otten?(5.6)
1950,NBA,TRI,25,43,0.368,5,-3.22,103.9,18.4,80.8,-4.3,84.4,-0.7,,D. McMillan (9-14) J. Logan (2-1) M. Todorovich (14-28),F. Brian?(5.6)
1949,NBA,TRI,29,35,0.453,3,-1.43,,,,,,,Lost W. Div. Semis,R. Potter (1-6) R. Auerbach (28-29),D. Otten?(5.2)
2017,NBA,HOU,25,9,0.735,1,8.21,99.2,2.1,115.2,7.4,106.7,-1.1,,M. D'Antoni (25-9),J. Harden?(7.8)
2016,NBA,HOU,55,27,0.671,2,5.84,100,3.6,114.7,5.9,109,0.2,Lost W. Conf. Semis,M. D'Antoni (55-27),J. Harden?(15.0)
2015,NBA,HOU,41,41,0.5,4,0.34,97.6,1.8,108.3,1.9,108.1,1.7,Lost W. Conf. 1st Rnd.,K. McHale (4-7) J. Bickerstaff (37-34),J. Harden?(13.3)
2014,NBA,HOU,56,26,0.683,1,3.82,96.5,2.6,107,1.4,103.4,-2.2,Lost W. Conf. Finals,K. McHale (56-26),J. Harden?(16.4)
2013,NBA,HOU,54,28,0.659,2,5.06,96.3,2.4,111,4.3,106.3,-0.4,Lost W. Conf. 1st Rnd.,K. McHale (54-28),J. Harden?(12.8)
2012,NBA,HOU,45,37,0.549,3,3.69,96.1,4.1,109.7,3.8,106.1,0.2,Lost W. Conf. 1st Rnd.,K. McHale (45-37),J. Harden?(12.8)
2011,NBA,HOU,34,32,0.515,4,0.57,91.7,0.4,105.5,0.9,105.2,0.6,,K. McHale (34-32),G. Dragic?(5.1)
2010,NBA,HOU,43,39,0.524,5,2.37,94.2,2.1,111.3,4,109,1.7,,R. Adelman (43-39),K. Martin?(9.5)
2009,NBA,HOU,42,40,0.512,3,-0.02,94,1.3,107.6,0,108,0.4,,R. Adelman (42-40),L. Scola?(6.3)
2008,NBA,HOU,53,29,0.646,2,3.73,90.2,-1.5,108.4,0.1,104,-4.3,Lost W. Conf. Semis,R. Adelman (53-29),Y. Ming?(10.6)
2007,NBA,HOU,55,27,0.671,3,4.83,90.4,-2,106.8,-0.7,101.6,-5.9,Lost W. Conf. 1st Rnd.,R. Adelman (55-27),Y. Ming?(8.3)
2006,NBA,HOU,52,30,0.634,3,5.04,90.7,-1.2,106,-0.5,100.7,-5.8,Lost W. Conf. 1st Rnd.,J. Van Gundy (52-30),S. Battier?(9.0)
2005,NBA,HOU,34,48,0.415,5,-1.3,88,-2.5,101.6,-4.6,103.3,-2.9,,J. Van Gundy (34-48),Y. Ming?(8.6)
2004,NBA,HOU,51,31,0.622,3,4.27,88.8,-2.1,106.2,0.1,101.7,-4.4,Lost W. Conf. 1st Rnd.,J. Van Gundy (51-31),T. McGrady?(12.0)
2003,NBA,HOU,45,37,0.549,5,2.28,87.8,-2.3,100.9,-2,99,-3.9,Lost W. Conf. 1st Rnd.,J. Van Gundy (45-37),Y. Ming?(11.4)
2002,NBA,HOU,43,39,0.524,5,1.89,88.8,-2.2,104.3,0.7,102.6,-1,,R. Tomjanovich (43-39),S. Francis?(11.1)
2001,NBA,HOU,28,54,0.341,5,-4.31,88.2,-2.5,103.1,-1.4,108.6,4.1,,R. Tomjanovich (28-54),C. Mobley?(5.7)
2000,NBA,HOU,45,37,0.549,5,2.71,90.4,-0.9,106.7,3.7,104.2,1.2,,R. Tomjanovich (45-37),S. Francis?(12.2)
1999,NBA,HOU,34,48,0.415,6,-0.57,94.2,1.1,104.8,0.7,105.7,1.6,,R. Tomjanovich (34-48),S. Francis?(6.4)
1998,NBA,HOU,31,19,0.62,3,1.39,88.8,-0.1,105.4,3.2,102.9,0.7,Lost W. Conf. 1st Rnd.,R. Tomjanovich (31-19),C. Barkley?(6.8)
1997,NBA,HOU,41,41,0.5,4,-1.23,91,0.7,107.7,2.7,108.6,3.6,Lost W. Conf. 1st Rnd.,R. Tomjanovich (41-41),C. Barkley?(8.6)
1996,NBA,HOU,57,25,0.695,2,3.85,91.6,1.5,108.8,2.1,104,-2.7,Lost W. Conf. Finals,R. Tomjanovich (57-25),C. Barkley?(9.4)
1995,NBA,HOU,48,34,0.585,3,1.63,93.2,1.4,109.3,1.7,107.4,-0.2,Lost W. Conf. Semis,R. Tomjanovich (48-34),H. Olajuwon?(9.7)
1994,NBA,HOU,47,35,0.573,3,2.32,94.2,1.3,109.7,1.4,107.4,-0.9,Won Finals,R. Tomjanovich (47-35),H. Olajuwon?(10.7)
1993,NBA,HOU,58,24,0.707,1,4.19,95,-0.1,105.9,-0.4,101.4,-4.9,Won Finals,R. Tomjanovich (58-24),H. Olajuwon?(14.3)
1992,NBA,HOU,55,27,0.671,1,3.57,94.4,-2.4,109.6,1.6,105.2,-2.8,Lost W. Conf. Semis,R. Tomjanovich (55-27),H. Olajuwon?(15.8)
1991,NBA,HOU,42,40,0.512,3,-1.94,95.1,-1.5,106.2,-2,108,-0.2,,D. Chaney (26-26) R. Tomjanovich (16-14),H. Olajuwon?(9.8)
1990,NBA,HOU,52,30,0.634,3,3.27,98.5,0.7,107.4,-0.5,103.9,-4,Lost W. Conf. 1st Rnd.,D. Chaney (52-30),O. Thorpe?(10.4)
1989,NBA,HOU,41,41,0.5,5,1.71,101.2,2.9,104.8,-3.3,103.4,-4.7,Lost W. Conf. 1st Rnd.,D. Chaney (41-41),H. Olajuwon?(11.2)
1988,NBA,HOU,45,37,0.549,2,0.22,101.8,1.2,105.7,-2.1,104.8,-3,Lost W. Conf. 1st Rnd.,D. Chaney (45-37),H. Olajuwon?(12.4)
1987,NBA,HOU,46,36,0.561,4,0.82,101.8,2.2,107.1,-0.9,105.7,-2.3,Lost W. Conf. 1st Rnd.,B. Fitch (46-36),H. Olajuwon?(10.7)
1986,NBA,HOU,42,40,0.512,3,0.6,99.9,-0.9,106.5,-1.8,105.5,-2.8,Lost W. Conf. Semis,B. Fitch (42-40),H. Olajuwon?(10.9)
1985,NBA,HOU,51,31,0.622,1,2.1,103.5,1.4,110.1,2.9,107.6,0.4,Lost Finals,B. Fitch (51-31),H. Olajuwon?(9.5)
1984,NBA,HOU,48,34,0.585,2,1.38,102.2,0.1,107.9,0,106.3,-1.6,Lost W. Conf. 1st Rnd.,B. Fitch (48-34),H. Olajuwon?(10.2)
1983,NBA,HOU,29,53,0.354,6,-3.12,104.7,3.3,105.3,-2.3,108.2,0.6,,B. Fitch (29-53),R. Sampson?(6.0)
1982,NBA,HOU,14,68,0.171,6,-11.12,102.2,-0.9,97,-7.7,108.3,3.6,,D. Harris (14-68),A. Leavell?(3.8)
1981,NBA,HOU,46,36,0.561,3,-0.39,97.2,-3.7,108.3,1.4,108.3,1.4,Lost W. Conf. 1st Rnd.,D. Harris (46-36),M. Malone?(15.4)
1980,NBA,HOU,40,42,0.488,3,-0.2,100.5,-1.3,107,1.5,106.7,1.2,Lost Finals,D. Harris (40-42),M. Malone?(13.7)
1979,NBA,HOU,41,41,0.5,2,0.27,101.2,-1.9,108.1,2.8,108,2.7,Lost E. Conf. Semis,D. Harris (41-41),M. Malone?(11.9)
1978,NBA,HOU,47,35,0.573,2,0.92,103.8,-2,108.7,4.9,107.7,3.9,Lost E. Conf. 1st Rnd.,T. Nissalke (47-35),M. Malone?(14.1)
1977,NBA,HOU,28,54,0.341,6,-3.83,101.3,-5.4,102.2,1.3,106.1,5.2,,T. Nissalke (28-54),C. Murphy?(7.4)
1976,NBA,HOU,49,33,0.598,1,1.44,101.3,-5.2,104.5,5,102.9,3.4,Lost E. Conf. Finals,T. Nissalke (49-33),R. Tomjanovich?(10.4)
1975,NBA,HOU,40,42,0.488,3,-0.71,104.7,-0.8,101.1,2.8,101.8,3.5,,J. Egan (40-42),C. Murphy?(8.8)
1974,NBA,HOU,41,41,0.5,2,0.84,102.9,-1.6,100.4,2.7,99.4,1.7,Lost E. Conf. Semis,J. Egan (41-41),R. Tomjanovich?(10.1)
1973,NBA,HOU,32,50,0.39,3,-0.34,106.1,-1.7,100.3,2.6,100.5,2.8,,J. Egan (32-50),R. Tomjanovich?(12.8)
1972,NBA,HOU,33,49,0.402,3,-1.81,115.2,4.5,97.9,1.1,99.4,2.6,,T. Winter (17-30) J. Egan (16-19),R. Tomjanovich?(6.9)
1971,NBA,HOU,34,48,0.415,4,-1.22,114.7,2.7,95.4,-2.5,96.8,-1.1,,T. Winter (34-48),R. Tomjanovich?(8.4)
1970,NBA,SDR,40,42,0.488,3,0.21,118.5,3.4,95.2,-2,95.5,-1.7,,A. Hannum (40-42),S. Lantz?(10.5)
1969,NBA,SDR,27,55,0.329,7,-2.95,125.1,8,94.4,-4.6,96.8,-2.2,,J. McMahon (9-17) A. Hannum (18-38),E. Hayes?(8.5)
1968,NBA,SDR,37,45,0.451,4,-0.3,123.8,6.9,92.7,-2.8,92.8,-2.7,Lost W. Div. Semis,J. McMahon (37-45),E. Hayes?(9.6)
1967,NBA,SDR,15,67,0.183,6,-7.94,121.9,2.1,91.8,-5,98.8,2,,J. McMahon (15-67),D. Gambee?(5.0)
2017,NBA,SAS,25,11,0.694,2,3.03,94.5,-2.6,107.7,-0.1,104,-3.8,,G. Popovich (25-11),L. Aldridge?(5.0)
2016,NBA,SAS,61,21,0.744,1,7.13,94.2,-2.2,111.1,2.3,103.5,-5.3,Lost W. Conf. Finals,G. Popovich (61-21),K. Leonard?(13.6)
2015,NBA,SAS,67,15,0.817,1,10.28,93.8,-2,110.3,3.9,99,-7.4,Lost W. Conf. Semis,G. Popovich (67-15),K. Leonard?(13.7)
2014,NBA,SAS,55,27,0.671,2,6.34,93.8,-0.1,108.5,2.9,102,-3.6,Lost W. Conf. 1st Rnd.,G. Popovich (55-27),T. Duncan?(9.6)
2013,NBA,SAS,62,20,0.756,1,8,95,1.1,110.5,3.8,102.4,-4.3,Won Finals,G. Popovich (62-20),K. Leonard?(7.7)
2012,NBA,SAS,58,24,0.707,1,6.67,94.2,2.2,108.3,2.4,101.6,-4.3,Lost Finals,G. Popovich (58-24),T. Parker?(9.3)
2011,NBA,SAS,50,16,0.758,1,7.28,92.9,1.6,110.9,6.3,103.2,-1.4,Lost W. Conf. Finals,G. Popovich (50-16),T. Parker?(7.1)
2010,NBA,SAS,61,21,0.744,1,5.86,92.3,0.2,111.8,4.5,105.6,-1.7,Lost W. Conf. 1st Rnd.,G. Popovich (61-21),M. Ginobili?(9.9)
2009,NBA,SAS,50,32,0.61,2,5.07,91.7,-1,110,2.4,104.5,-3.1,Lost W. Conf. Semis,G. Popovich (50-32),T. Duncan?(10.9)
2008,NBA,SAS,54,28,0.659,1,3.36,88.4,-3.3,108.5,0.2,104.3,-4,Lost W. Conf. 1st Rnd.,G. Popovich (54-28),T. Duncan?(10.1)
2007,NBA,SAS,56,26,0.683,2,5.1,88.8,-3.6,107.2,-0.3,101.8,-5.7,Lost W. Conf. Finals,G. Popovich (56-26),M. Ginobili?(11.1)
2006,NBA,SAS,58,24,0.707,2,8.35,89.8,-2.1,109.2,2.7,99.9,-6.6,Won Finals,G. Popovich (58-24),T. Duncan?(13.0)
2005,NBA,SAS,63,19,0.768,1,6.69,88.5,-2,107.3,1.1,99.6,-6.6,Lost W. Conf. Semis,G. Popovich (63-19),T. Duncan?(10.8)
2004,NBA,SAS,59,23,0.72,1,7.84,88.9,-2,107.5,1.4,98.8,-7.3,Won Finals,G. Popovich (59-23),T. Duncan?(11.2)
2003,NBA,SAS,57,25,0.695,2,7.51,89.2,-0.9,102.2,-0.7,94.1,-8.8,Lost W. Conf. Semis,G. Popovich (57-25),T. Duncan?(13.1)
2002,NBA,SAS,60,22,0.732,1,5.65,90,-1,105.6,2,99.7,-3.9,Won Finals,G. Popovich (60-22),T. Duncan?(16.5)
2001,NBA,SAS,58,24,0.707,1,6.28,90,-0.7,106.5,2,99.7,-4.8,Lost W. Conf. Semis,G. Popovich (58-24),T. Duncan?(17.8)
2000,NBA,SAS,58,24,0.707,1,7.92,89.6,-1.7,106.6,3.6,98,-5,Lost W. Conf. Finals,G. Popovich (58-24),T. Duncan?(13.2)
1999,NBA,SAS,53,29,0.646,2,5.92,90.8,-2.3,105,0.9,98.6,-5.5,Lost W. Conf. 1st Rnd.,G. Popovich (53-29),T. Duncan?(13.0)
1998,NBA,SAS,37,13,0.74,1,7.12,88.6,-0.3,104,1.8,95,-7.2,Won Finals,G. Popovich (37-13),T. Duncan?(8.7)
1997,NBA,SAS,56,26,0.683,2,3.3,88.4,-1.9,103.8,-1.2,99.4,-5.6,Lost W. Conf. Semis,G. Popovich (56-26),D. Robinson?(13.8)
1996,NBA,SAS,20,62,0.244,6,-7.93,87.3,-2.8,103.3,-3.4,112.3,5.6,,B. Hill (3-15) G. Popovich (17-47),W. Perdue?(4.4)
1995,NBA,SAS,59,23,0.72,1,5.98,93.3,1.5,110.2,2.6,103.5,-4.1,Lost W. Conf. Semis,B. Hill (59-23),D. Robinson?(18.3)
1994,NBA,SAS,62,20,0.756,1,5.9,94.6,1.7,111.7,3.4,105.4,-2.9,Lost W. Conf. Finals,B. Hill (62-20),D. Robinson?(17.5)
1993,NBA,SAS,55,27,0.671,2,5.05,90.1,-5,110.4,4.1,104.6,-1.7,Lost W. Conf. 1st Rnd.,J. Lucas (55-27),D. Robinson?(20.0)
1992,NBA,SAS,49,33,0.598,2,2.21,95.4,-1.4,109.6,1.6,106.8,-1.2,Lost W. Conf. Semis,J. Tarkanian (9-11) R. Hughes (1-0) J. Lucas (39-22),D. Robinson?(13.2)
1991,NBA,SAS,47,35,0.573,2,2.81,96.2,-0.4,107.5,-0.7,104.1,-4.1,Lost W. Conf. 1st Rnd.,L. Brown (21-17) B. Bass (26-18),D. Robinson?(13.9)
1990,NBA,SAS,55,27,0.671,1,4.3,98.6,0.8,107.8,-0.1,103.3,-4.6,Lost W. Conf. 1st Rnd.,L. Brown (55-27),D. Robinson?(17.0)
1989,NBA,SAS,56,26,0.683,1,3.58,98.5,0.2,107.7,-0.4,104.2,-3.9,Lost W. Conf. Semis,L. Brown (56-26),D. Robinson?(15.1)
1988,NBA,SAS,21,61,0.256,5,-7.45,104.1,3.5,100.9,-6.9,107.9,0.1,,L. Brown (21-61),W. Anderson?(4.9)
1987,NBA,SAS,31,51,0.378,5,-5.02,104.4,4.8,108.2,0.2,112.8,4.8,Lost W. Conf. 1st Rnd.,B. Weiss (31-51),A. Robertson?(5.8)
1986,NBA,SAS,28,54,0.341,6,-5.09,101.7,0.9,105.9,-2.4,110.8,2.5,,B. Weiss (28-54),D. Greenwood?(6.2)
1985,NBA,SAS,35,47,0.427,6,-2.06,103.8,1.7,106.5,-0.7,108.2,1,Lost W. Conf. 1st Rnd.,C. Fitzsimmons (35-47),A. Robertson?(8.6)
1984,NBA,SAS,41,41,0.5,5,0.63,103.9,1.8,109.9,2,109,1.1,Lost W. Conf. 1st Rnd.,C. Fitzsimmons (41-41),A. Gilmore?(10.5)
1983,NBA,SAS,37,45,0.451,5,-0.5,106.5,5.1,111.2,3.6,111.4,3.8,,M. McHone (11-20) B. Bass (26-25),A. Gilmore?(6.7)
1982,NBA,SAS,53,29,0.646,1,3.1,103.3,0.2,110.1,5.4,106.6,1.9,Lost W. Conf. Finals,S. Albeck (53-29),A. Gilmore?(11.0)
1981,NBA,SAS,48,34,0.585,1,1.79,102.5,1.6,109.9,3,107.6,0.7,Lost W. Conf. Finals,S. Albeck (48-34),G. Gervin?(10.7)
1980,NBA,SAS,52,30,0.634,1,2.18,102.9,1.1,108.5,3,105.7,0.2,Lost W. Conf. Semis,S. Albeck (52-30),G. Gervin?(10.5)
1979,NBA,SAS,41,41,0.5,3,-0.24,109.5,6.4,108.6,3.3,109,3.7,Lost E. Conf. 1st Rnd.,D. Moe (33-33) B. Bass (8-8),G. Gervin?(10.6)
1978,NBA,SAS,48,34,0.585,1,4.97,110.6,4.8,107.1,3.3,102.4,-1.4,Lost E. Conf. Finals,D. Moe (48-34),G. Gervin?(11.4)
1977,NBA,SAS,52,30,0.634,1,3.2,109,2.3,104.5,3.6,101.4,0.5,Lost E. Conf. Semis,D. Moe (52-30),G. Gervin?(12.0)
1976,NBA,SAS,44,38,0.537,3,0.53,111.8,5.3,102.5,3,102,2.5,Lost E. Conf. 1st Rnd.,D. Moe (44-38),G. Gervin?(10.5)
1975,ABA,SAS,50,34,0.595,3,3.82,106.8,-0.1,107.5,3.4,103.6,-0.5,Lost Semis,B. Bass (50-34),J. Silas?(13.1)
1974,ABA,SAS,51,33,0.607,2,3.89,102.9,-0.2,109.5,4.8,105.4,0.7,Lost W. Div. Semis,T. Nissalke (18-10) B. Bass (33-23),G. Gervin?(10.0)
1973,ABA,SAS,45,39,0.536,3,0.74,95,-7.6,101.7,-1.3,100.8,-2.2,Lost W. Div. Semis,T. Nissalke (45-39),J. Silas?(7.9)
1972,ABA,Dallas Chaparrals,28,56,0.333,5,-3.79,108.6,-0.7,101.1,-0.7,105.1,3.3,,B. McCarthy (24-48) D. Brown (4-8),J. Silas?(7.4)
1971,ABA,Dallas Chaparrals*,42,42,0.5,3,0.26,103.4,-8.5,99.7,-0.9,99.6,-1,Lost W. Div. Semis,T. Nissalke (42-42),D. Freeman?(8.9)
1970,ABA,Texas Chaparrals*,30,54,0.357,4,-2.21,114.3,3.2,105.1,0.1,107.7,2.7,Lost W. Div. Semis,M. Williams (5-14) B. Blakeley (25-40),J. Beasley?(6.8)
1969,ABA,Dallas Chaparrals*,45,39,0.536,2,2.13,113.1,3.9,105.3,2.6,103.6,0.9,Lost W. Div. Semis,C. Hagan (22-21) M. Williams (23-18),G. Combs?(8.6)
1968,ABA,Dallas Chaparrals*,41,37,0.526,4,-0.31,105.8,-3.6,104.2,0.2,104.8,0.8,Lost W. Div. Semis,C. Hagan (41-37),J. Beasley?(8.1)
1967,ABA,Dallas Chaparrals*,46,32,0.59,2,0.98,105,-2,103.7,2.4,102.5,1.2,Lost W. Div. Finals,C. Hagan (46-32),J. Beasley?(8.9)
2017,NBA,NOP,18,17,0.514,3,0.33,99.8,2.7,110.6,2.8,110.6,2.8,,A. Gentry (18-17),A. Davis?(5.5)
2016,NBA,NOP,34,48,0.415,4,-1.69,98,1.6,105.2,-3.6,107.4,-1.4,,A. Gentry (34-48),A. Davis?(11.0)
2015,NBA,NOP,30,52,0.366,5,-3.56,96.8,1,105.6,-0.8,109.5,3.1,,A. Gentry (30-52),A. Davis?(7.2)
2014,NBA,NOP,45,37,0.549,5,1.13,91.4,-2.5,108.2,2.6,107.3,1.7,Lost W. Conf. 1st Rnd.,M. Williams (45-37),A. Davis?(14.0)
2013,NBA,NOP,34,48,0.415,5,-1.98,92.2,-1.7,107.2,0.5,110.1,3.4,,M. Williams (34-48),A. Davis?(10.4)
2012,NBA,NOH,27,55,0.329,5,-3.12,88.5,-3.5,105.7,-0.2,110.1,4.2,,M. Williams (27-55),R. Anderson?(6.5)
2011,NBA,NOH,21,45,0.318,5,-3.11,88.3,-3,100.9,-3.7,105.1,0.5,,M. Williams (21-45),J. Jack?(3.8)
2010,NBA,NOH,46,36,0.561,3,1.28,88.7,-3.4,106.2,-1.1,105.2,-2.1,Lost W. Conf. 1st Rnd.,M. Williams (46-36),C. Paul?(13.9)
2009,NBA,NOH,37,45,0.451,5,-2.27,92.6,-0.1,107.4,-0.2,110.1,2.5,,B. Scott (3-6) J. Bower (34-39),D. West?(7.5)
2008,NBA,NOH,49,33,0.598,4,1.41,87.8,-3.9,108.7,0.4,107,-1.3,Lost W. Conf. 1st Rnd.,B. Scott (49-33),C. Paul?(18.3)
2007,NBA,NOH,56,26,0.683,1,5.46,89.9,-2.5,111.5,4,105.7,-1.8,Lost W. Conf. Semis,B. Scott (56-26),C. Paul?(17.8)
2006,NBA,NOH,39,43,0.476,4,-1.19,90.2,-1.7,104.8,-1.7,106.5,0,,B. Scott (39-43),C. Paul?(8.8)
2005,NBA,NOH,38,44,0.463,4,-2.51,89,-1.5,103.7,-2.5,106.8,0.6,,B. Scott (38-44),C. Paul?(10.4)
2004,NBA,NOH,18,64,0.22,5,-6.3,87.6,-3.3,99.7,-6.4,107.7,1.6,,B. Scott (18-64),P. Brown?(6.9)
2003,NBA,NOH,41,41,0.5,3,-0.72,89.1,-1,102.3,-0.6,102.4,-0.5,Lost E. Conf. 1st Rnd.,T. Floyd (41-41),P. Brown?(8.1)
2002,NBA,NOH,47,35,0.573,3,1.52,89.4,-1.6,103.9,0.3,101.6,-2,Lost E. Conf. 1st Rnd.,P. Silas (47-35),P. Brown?(10.2)
2017,NBA,DAL,12,25,0.324,4,-1.59,95,-2.1,105.6,-2.2,108.2,0.4,,R. Carlisle (12-25),D. Nowitzki?(2.4)
2016,NBA,DAL,33,49,0.402,5,-2.53,92.2,-4.2,105.6,-3.2,108.8,0,,R. Carlisle (33-49),S. Curry?(4.6)
2015,NBA,DAL,42,40,0.512,2,-0.02,94.3,-1.5,106.7,0.3,107,0.6,Lost W. Conf. 1st Rnd.,R. Carlisle (42-40),D. Nowitzki?(6.8)
2014,NBA,DAL,50,32,0.61,4,3.36,95.2,1.3,109.5,3.9,106.4,0.8,Lost W. Conf. 1st Rnd.,R. Carlisle (50-32),T. Chandler?(10.3)
2013,NBA,DAL,49,33,0.598,4,2.91,93.5,-0.4,111.2,4.5,108.7,2,Lost W. Conf. 1st Rnd.,R. Carlisle (49-33),D. Nowitzki?(10.9)
2012,NBA,DAL,41,41,0.5,4,-0.24,94.1,2.1,105.9,0,106.5,0.6,,R. Carlisle (41-41),V. Carter?(6.0)
2011,NBA,DAL,36,30,0.545,3,1.78,91.4,0.1,103.3,-1.3,102.3,-2.3,Lost W. Conf. 1st Rnd.,R. Carlisle (36-30),D. Nowitzki?(7.6)
2010,NBA,DAL,57,25,0.695,2,4.41,91.3,-0.8,109.7,2.4,105,-2.3,Won Finals,R. Carlisle (57-25),D. Nowitzki?(11.1)
2009,NBA,DAL,55,27,0.671,1,2.66,92.5,-0.2,109.2,1.6,106.3,-1.3,Lost W. Conf. 1st Rnd.,R. Carlisle (55-27),D. Nowitzki?(12.3)
2008,NBA,DAL,50,32,0.61,3,1.68,91.5,-0.2,110.5,2.2,108.4,0.1,Lost W. Conf. Semis,R. Carlisle (50-32),D. Nowitzki?(10.9)
2007,NBA,DAL,51,31,0.622,4,4.7,90.2,-2.2,111.1,3.6,106.1,-1.4,Lost W. Conf. 1st Rnd.,A. Johnson (51-31),D. Nowitzki?(12.9)
2006,NBA,DAL,67,15,0.817,1,7.28,89.5,-2.4,111.3,4.8,103.2,-3.3,Lost W. Conf. 1st Rnd.,A. Johnson (67-15),D. Nowitzki?(16.3)
2005,NBA,DAL,60,22,0.732,2,5.96,87.8,-2.7,111.8,5.6,105,-1.2,Lost Finals,A. Johnson (60-22),D. Nowitzki?(17.7)
2004,NBA,DAL,58,24,0.707,2,5.86,92.7,1.8,110.3,4.2,104.1,-2,Lost W. Conf. Semis,D. Nelson (42-22) A. Johnson (16-2),D. Nowitzki?(15.6)
2003,NBA,DAL,52,30,0.634,3,4.86,93.2,3.1,112.1,9.2,107.4,4.5,Lost W. Conf. 1st Rnd.,D. Nelson (52-30),D. Nowitzki?(11.5)
2002,NBA,DAL,60,22,0.732,2,7.9,92.5,1.5,110.7,7.1,102.3,-1.3,Lost W. Conf. Finals,D. Nelson (60-22),D. Nowitzki?(16.1)
2001,NBA,DAL,57,25,0.695,2,4.41,92.8,2.1,112.2,7.7,107.7,3.2,Lost W. Conf. Semis,D. Nelson (57-25),D. Nowitzki?(13.4)
2000,NBA,DAL,53,29,0.646,3,4.61,93.2,1.9,107.1,4.1,102.6,-0.4,Lost W. Conf. Semis,D. Nelson (53-29),D. Nowitzki?(14.6)
1999,NBA,DAL,40,42,0.488,4,-0.29,94.9,1.8,106.6,2.5,107.2,3.1,,D. Nelson (40-42),M. Finley?(8.3)
1998,NBA,DAL,19,31,0.38,5,-2.5,89,0.1,102.3,0.1,104.9,2.7,,D. Nelson (19-31),M. Finley?(5.4)
1997,NBA,DAL,20,62,0.244,5,-6.33,89.9,-0.4,100.5,-4.5,107.2,2.2,,J. Cleamons (4-12) D. Nelson (16-50),M. Finley?(7.5)
1996,NBA,DAL,24,58,0.293,4,-6.47,89,-1.1,101.1,-5.6,108.2,1.5,,J. Cleamons (24-58),A. Green?(4.0)
1995,NBA,DAL,26,56,0.317,6,-4.71,95.4,3.6,106.1,-1.5,111.2,3.6,,D. Motta (26-56),G. McCloud?(5.8)
1994,NBA,DAL,36,46,0.439,5,-2.39,94.7,1.8,107.6,-0.7,110.6,2.3,,D. Motta (36-46),J. Mashburn?(6.3)
1993,NBA,DAL,13,69,0.159,6,-8.19,94.5,-0.6,100.4,-5.9,109.6,3.3,,Q. Buckner (13-69),P. Jones?(3.6)
1992,NBA,DAL,11,71,0.134,6,-14.68,99.5,2.7,99.5,-8.5,114.7,6.7,,R. Adubato (2-27) G. Heard (9-44),D. Harper?(2.7)
1991,NBA,DAL,22,60,0.268,5,-7.47,94.4,-2.2,103,-5.2,111.1,2.9,,R. Adubato (22-60),R. Blackman?(3.8)
1990,NBA,DAL,28,54,0.341,6,-4.27,94.2,-3.6,105.5,-2.4,110.3,2.4,,R. Adubato (28-54),D. Harper?(7.6)
1989,NBA,DAL,47,35,0.573,3,0.42,94.5,-3.8,107.2,-0.9,107.2,-0.9,Lost W. Conf. 1st Rnd.,J. MacLeod (5-6) R. Adubato (42-29),D. Harper?(9.9)
1988,NBA,DAL,38,44,0.463,4,-1.79,95.9,-4.7,107.4,-0.4,108.6,0.8,,J. MacLeod (38-44),D. Harper?(8.0)
1987,NBA,DAL,53,29,0.646,2,3.59,97,-2.6,112.2,4.2,107.7,-0.3,Lost W. Conf. Finals,J. MacLeod (53-29),D. Harper?(9.1)
1986,NBA,DAL,55,27,0.671,1,5.54,100.5,-0.3,114.9,6.6,108.7,0.4,Lost W. Conf. 1st Rnd.,D. Motta (55-27),J. Donaldson?(10.4)
1985,NBA,DAL,44,38,0.537,3,0.7,102.2,0.1,112.1,4.9,111,3.8,Lost W. Conf. Semis,D. Motta (44-38),S. Perkins?(7.3)
1984,NBA,DAL,44,38,0.537,3,1.8,98.8,-3.3,111.5,3.6,109.3,1.4,Lost W. Conf. 1st Rnd.,D. Motta (44-38),B. Davis?(7.4)
1983,NBA,DAL,43,39,0.524,2,0.15,99,-2.4,110,2.4,109.6,2,Lost W. Conf. Semis,D. Motta (43-39),R. Blackman?(9.8)
1982,NBA,DAL,38,44,0.463,4,-0.7,102.8,-0.3,109.4,4.7,109.8,5.1,,D. Motta (38-44),B. Davis?(7.3)
1981,NBA,DAL,28,54,0.341,5,-4.48,98.5,-2.4,105.9,-1,110.4,3.5,,D. Motta (28-54),J. Vincent?(5.6)
1980,NBA,DAL,15,67,0.183,6,-8.33,98.6,-3.2,102.4,-3.1,110.8,5.3,,D. Motta (15-67),J. Spanarkel?(5.5)
2017,NBA,MEM,11,24,0.314,5,-2.62,93,-4.1,104.5,-3.3,108.5,0.7,,D. Fizdale (7-12) J. Bickerstaff (4-12),T. Evans?(3.6)
2016,NBA,MEM,43,39,0.524,3,0.96,92.3,-4.1,107.7,-1.1,107.1,-1.7,Lost W. Conf. 1st Rnd.,D. Fizdale (43-39),M. Conley?(10.0)
2015,NBA,MEM,42,40,0.512,3,-2.14,93.3,-2.5,105.4,-1,107.8,1.4,Lost W. Conf. 1st Rnd.,D. Joerger (42-40),M. Conley?(5.3)
2014,NBA,MEM,55,27,0.671,2,3.62,92,-1.9,105.7,0.1,102.2,-3.4,Lost W. Conf. Semis,D. Joerger (55-27),M. Gasol?(10.2)
2013,NBA,MEM,50,32,0.61,3,2.18,89.9,-4,106.3,-0.4,104.6,-2.1,Lost W. Conf. 1st Rnd.,D. Joerger (50-32),M. Conley?(8.2)
2012,NBA,MEM,56,26,0.683,2,4.32,88.4,-3.6,104.9,-1,100.3,-5.6,Lost W. Conf. Finals,L. Hollins (56-26),M. Gasol?(11.5)
2011,NBA,MEM,41,25,0.621,2,2.43,90.8,-0.5,104,-0.6,101.8,-2.8,Lost W. Conf. 1st Rnd.,L. Hollins (41-25),M. Gasol?(8.2)
2010,NBA,MEM,46,36,0.561,4,2.55,91.9,-0.2,107.6,0.3,105.1,-2.2,Lost W. Conf. Semis,L. Hollins (46-36),Z. Randolph?(10.5)
2009,NBA,MEM,40,42,0.488,4,-1.39,93.6,0.9,108.3,0.7,109.9,2.3,,L. Hollins (40-42),Z. Randolph?(9.7)
2008,NBA,MEM,24,58,0.293,5,-5.23,90.1,-1.6,103.5,-4.8,109.5,1.2,,M. Iavaroni (11-30) J. Davis (0-2) L. Hollins (13-26),M. Gasol?(6.4)
2007,NBA,MEM,22,60,0.268,5,-5.76,95.3,2.9,105,-2.5,111.4,3.9,,M. Iavaroni (22-60),M. Miller?(5.0)
2006,NBA,MEM,22,60,0.268,5,-4.44,93.6,1.7,106.9,0.4,112.3,5.8,,M. Fratello (6-24) T. Barone (16-36),P. Gasol?(6.9)
2005,NBA,MEM,49,33,0.598,3,3.74,86.3,-4.2,105.9,-0.3,101.6,-4.6,Lost W. Conf. 1st Rnd.,M. Fratello (49-33),P. Gasol?(12.0)
2004,NBA,MEM,45,37,0.549,4,2.64,88.5,-2.4,105.5,-0.6,102.9,-3.2,Lost W. Conf. 1st Rnd.,H. Brown (5-7) L. Hollins (0-4) M. Fratello (40-26),S. Battier?(7.8)
2003,NBA,MEM,50,32,0.61,4,2.95,91.4,1.3,104.8,1.9,102.2,-0.7,Lost W. Conf. 1st Rnd.,H. Brown (50-32),J. Posey?(10.0)
2002,NBA,MEM,28,54,0.341,6,-2.6,92.7,1.7,103.9,0.3,107.3,3.7,,S. Lowe (0-8) H. Brown (28-46),P. Gasol?(8.5)
2001,NBA,MEM,23,59,0.28,7,-6.74,91.1,0.4,98.2,-6.3,106.3,1.8,,S. Lowe (23-59),P. Gasol?(7.6)
2000,NBA,VAN,23,59,0.28,7,-4.94,91.7,0.4,99.6,-3.4,105.8,2.8,,S. Lowe (23-59),S. Abdur-Rahim?(8.5)
1999,NBA,VAN,22,60,0.268,7,-5.1,91,-2.1,102.3,-1.8,108.5,4.4,,B. Hill (4-18) L. Hollins (18-42),S. Abdur-Rahim?(8.8)
1998,NBA,VAN,8,42,0.16,7,-8.94,89,0.1,98.4,-3.8,107.9,5.7,,B. Hill (8-42),S. Abdur-Rahim?(4.6)
1997,NBA,VAN,19,63,0.232,6,-7.47,92.1,1.8,104.1,-0.9,112,7,,B. Hill (19-63),S. Abdur-Rahim?(6.9)
1996,NBA,VAN,14,68,0.171,7,-10.17,88.4,-1.7,100.3,-6.4,111.8,5.1,,B. Winters (8-35) S. Jackson (6-33),G. Anthony?(3.5)
1995,NBA,VAN,15,67,0.183,7,-9.55,91,-0.8,97.6,-10,108.5,0.9,,B. Winters (15-67),G. Anthony?(4.8)
